#x_position,y_position
1626,579
1626,579
1619,577
1609,574
1596,573
1583,571
1568,569
1549,567
1530,565
1507,563
1483,561
1458,560
1433,556
1400,553
1371,551
1336,549
1304,547
1262,544
1225,542
1183,540
1133,539
1090,537
1037,535
982,533
930,533
867,531
813,527
780,529
760,528
698,497
673,497
651,523
627,535
603,524
581,527
561,527
543,529
526,531
513,533
503,535
497,541
495,546
498,552
508,563
523,573
548,588
581,600
632,610
680,615
734,624
790,627
848,628
908,637
961,638
1007,642
1058,647
1109,646
1153,647
1194,651
1237,652
1273,654
1310,658
1341,659
1371,660
1394,662
1419,666
1443,666
1464,668
1484,671
1500,672
1516,676
1530,677
1541,679
1551,682
1558,683
1564,687
1567,690
1568,693
1567,696
1565,699
1561,700
1555,704
1546,707
1535,710
1523,713
1508,717
1492,719
1473,723
1454,723
1432,725
1406,728
1379,732
1357,736
1326,738
1294,740
1258,746
1222,746
1189,751
1140,755
1104,757
1058,762
1009,765
963,769
910,772
857,776
811,779
754,773
754,770
727,778
699,776
661,775
627,774
598,772
572,773
548,771
527,770
510,765
497,758
493,749
499,741
515,729
542,719
578,707
632,699
686,695
744,689
802,685
863,677
924,673
979,667
1030,667
1093,662
1141,656
1189,650
1234,646
1277,642
1316,637
1357,633
1392,630
1428,626
1458,624
1487,620
1512,617
1539,612
1563,609
1584,605
1604,602
1623,599
1639,595
1655,591
1667,588
1676,585
1684,582
1691,579
1695,576
1697,572
1698,569
1697,564
1694,562
1688,558
1682,554
1672,551
1660,547
1646,545
1630,542
1611,538
1591,536
1569,532
1545,530
1521,527
1494,523
1460,520
1432,517
1392,513
1356,510
1317,507
1274,504
1228,502
1182,498
1132,494
1078,491
1023,489
968,485
903,481
843,478
812,465
757,459
719,462
692,474
665,475
639,476
612,482
586,487
562,493
539,499
519,506
502,513
489,522
482,530
479,540
484,551
496,563
517,575
549,589
591,598
642,603
696,610
757,617
820,623
877,630
948,630
1001,633
1055,640
1118,643
1166,644
1213,648
1255,651
1302,655
1340,657
1383,660
1417,662
1447,665
1475,670
1504,672
1532,676
1557,679
1579,682
1600,685
1620,689
1635,691
1649,695
1662,701
1672,702
1681,706
1687,709
1691,713
1693,717
1693,720
1690,724
1687,728
1680,731
1672,734
1663,737
1650,742
1635,746
1621,749
1602,754
1580,757
1561,760
1534,767
1509,769
1484,773
1454,778
1421,782
1386,787
1350,790
1311,797
1268,802
1226,806
1182,811
1132,816
1085,820
1033,825
976,830
920,835
864,839
814,841
781,835
750,850
713,866
674,845
647,838
615,829
587,822
556,809
530,798
508,787
493,773
490,758
496,743
511,726
536,711
570,699
623,691
676,684
736,679
797,673
858,666
923,663
979,658
1031,658
1095,654
1146,648
1193,644
1240,640
1283,636
1325,633
1367,630
1404,625
1443,624
1472,619
1503,618
1528,616
1556,611
1579,608
1602,607
1624,603
1643,602
1660,598
1676,595
1689,593
1699,590
1709,586
1717,584
1722,581
1726,578
1727,576
1726,573
1723,572
1719,569
1711,564
1702,562
1691,560
1678,557
1664,555
1646,553
1626,549
1605,549
1582,547
1558,543
1531,541
1505,540
1474,537
1444,533
1406,531
1366,530
1324,526
1285,525
1241,523
1194,519
1144,516
1091,515
1035,512
978,509
919,505
858,504
829,509
788,476
707,500
725,504
665,532
639,539
612,539
587,541
564,547
543,554
526,561
514,570
507,579
508,590
518,604
539,618
567,631
613,640
663,646
718,652
778,657
834,658
896,664
954,667
1004,669
1056,676
1111,674
1156,675
1196,677
1241,678
1273,678
1312,680
1342,682
1375,683
1404,686
1432,686
1456,690
1480,689
1502,691
1522,694
1540,695
1556,698
1569,700
1580,702
1589,704
1597,706
1601,708
1604,711
1605,712
1604,713
1601,715
1595,717
1589,720
1578,722
1568,724
1555,726
1540,729
1524,731
1505,734
1486,736
1463,738
1440,741
1413,745
1386,747
1359,750
1323,753
1290,756
1256,759
1213,761
1177,764
1132,767
1090,769
1041,773
992,777
939,779
884,784
830,787
772,789
719,792
664,785
647,777
624,787
593,790
567,789
541,784
519,779
501,774
488,767
484,757
484,745
493,732
512,717
540,706
580,697
629,690
682,684
739,677
800,674
856,669
921,663
974,657
1025,655
1084,654
1134,646
1180,641
1227,636
1265,633
1312,628
1345,624
1386,619
1417,617
1447,611
1477,609
1506,604
1531,602
1555,597
1575,595
1596,591
1615,588
1630,584
1643,581
1657,578
1666,574
1673,572
1679,569
1682,566
1684,563
1684,561
1681,556
1676,553
1670,550
1660,546
1649,545
1636,542
1621,537
1605,535
1585,531
1566,529
1544,527
1516,524
1491,520
1463,516
1435,512
1394,508
1364,504
1322,500
1285,497
1239,493
1194,489
1147,487
1096,484
1039,480
985,477
923,474
870,471
809,466
784,468
761,468
755,453
718,456
686,460
657,486
630,495
605,499
581,506
560,515
541,523
524,530
513,537
508,547
511,557
523,568
547,580
582,594
623,604
673,607
723,613
784,620
840,627
907,635
965,635
1009,639
1064,644
1126,648
1168,649
1211,653
1254,657
1296,660
1328,663
1366,666
1395,670
1423,673
1450,674
1475,677
1499,681
1521,683
1539,687
1557,692
1573,694
1588,699
1599,702
1609,706
1617,709
1622,713
1625,715
1627,719
1626,723
1623,726
1619,731
1611,734
1603,738
1593,742
1580,745
1565,747
1551,753
1532,756
1510,762
1489,762
1464,769
1441,772
1414,776
1384,781
1354,786
1322,789
1288,794
1254,797
1211,803
1174,808
1129,812
1084,816
1037,821
986,825
930,830
879,834
825,837
768,842
722,844
665,861
653,824
615,824
590,839
567,833
543,827
521,824
498,815
482,803
479,788
481,772
492,759
512,745
538,732
582,719
633,711
687,702
745,695
805,688
861,688
923,674
976,668
1029,664
1082,661
1133,653
1176,647
1221,641
1259,636
1302,630
1336,624
1373,619
1407,613
1436,607
1461,603
1488,598
1510,594
1533,590
1555,584
1572,580
1588,576
1603,572
1615,567
1625,562
1632,558
1639,554
1643,550
1645,546
1645,542
1643,537
1641,533
1634,528
1626,524
1617,520
1605,516
1591,511
1575,508
1556,503
1536,498
1516,495
1494,491
1466,486
1441,482
1409,476
1380,469
1344,464
1309,461
1268,455
1227,450
1184,445
1137,441
1086,436
1035,430
982,426
926,422
887,417
854,408
820,442
808,416
782,410
728,460
699,469
670,473
642,481
616,490
591,501
569,512
550,524
538,535
530,546
533,560
545,573
573,590
608,601
653,609
700,614
754,620
812,625
867,634
934,636
986,637
1030,640
1092,646
1141,648
1184,649
1226,651
1264,653
1307,656
1340,657
1375,659
1401,661
1432,664
1456,666
1481,669
1505,672
1525,674
1545,678
1562,680
1576,683
1590,687
1600,689
1609,693
1615,696
1620,699
1622,701
1622,705
1620,707
1616,711
1610,713
1602,716
1593,719
1580,722
1567,725
1550,730
1532,733
1511,736
1489,739
1466,741
1440,745
1415,749
1382,753
1351,758
1316,763
1277,766
1241,769
1197,774
1155,778
1108,781
1058,785
1007,791
951,794
896,798
839,802
797,800
741,820
717,793
695,829
671,810
644,800
613,789
588,783
564,779
542,772
527,765
518,756
517,745
526,734
544,722
568,714
615,702
666,698
721,691
780,686
836,680
901,672
957,667
1010,662
1060,662
1119,653
1166,647
1209,644
1254,637
1293,632
1330,629
1367,625
1399,619
1434,612
1458,610
1487,606
1512,602
1536,597
1557,594
1575,588
1593,587
1608,582
1621,579
1631,575
1640,571
1647,567
1652,564
1655,561
1656,557
1655,555
1652,550
1645,547
1640,543
1630,541
1619,536
1606,533
1591,530
1573,527
1554,524
1535,521
1510,516
1487,514
1460,510
1435,507
1398,500
1371,499
1331,494
1299,490
1258,486
1217,483
1174,480
1127,476
1076,472
1026,468
974,465
919,462
865,457
843,456
804,430
757,443
731,459
703,463
676,458
648,461
620,475
595,481
572,487
551,493
532,501
517,509
509,519
507,531
513,542
528,557
553,572
589,586
635,595
685,600
741,607
802,613
859,621
927,627
980,629
1023,636
1088,644
1137,647
1182,651
1229,657
1265,659
1307,663
1345,669
1379,673
1410,678
1441,683
1467,688
1493,691
1519,696
1538,699
1560,705
1577,709
1594,715
1608,718
1620,723
1630,727
1638,732
1645,738
1648,743
1650,748
1650,753
1649,760
1645,764
1639,770
1631,776
1620,782
1609,787
1594,792
1579,797
1561,803
1540,809
1518,813
1496,819
1469,825
1442,831
1413,837
1380,843
1344,849
1309,855
1265,861
1222,868
1181,874
1131,880
1088,886
1036,893
982,900
926,906
869,913
828,911
766,908
742,907
718,903
706,942
680,933
644,904
611,893
576,876
550,864
526,850
509,832
496,815
490,798
490,779
498,762
512,747
536,733
569,722
622,711
678,706
737,700
800,695
860,693
923,683
978,679
1034,675
1095,673
1143,665
1191,661
1238,657
1281,652
1322,649
1364,643
1397,640
1436,637
1466,633
1497,629
1522,625
1549,622
1572,618
1595,615
1614,612
1631,609
1649,606
1663,603
1676,600
1686,596
1694,593
1700,589
1704,586
1706,582
1707,578
1705,575
1701,572
1696,568
1688,564
1678,561
1665,558
1652,554
1635,550
1617,548
1596,544
1575,541
1547,537
1523,536
1496,532
1463,529
1434,525
1392,522
1354,518
1316,515
1270,513
1225,509
1176,506
1125,503
1069,500
1011,497
957,494
902,490
845,499
857,492
794,478
777,472
754,466
732,475
683,514
658,509
630,515
603,517
577,521
554,526
532,533
513,536
497,543
486,549
480,554
480,562
488,572
505,585
531,598
562,609
612,622
663,628
719,638
781,643
841,645
906,652
962,654
1013,657
1067,663
1124,665
1166,666
1212,669
1252,673
1292,674
1328,675
1360,677
1389,681
1420,684
1446,684
1473,688
1497,690
1519,692
1540,695
1557,697
1573,701
1587,703
1599,706
1608,709
1616,713
1620,715
1623,718
1625,721
1624,724
1621,725
1616,728
1609,731
1600,735
1590,737
1577,740
1563,744
1546,748
1529,750
1507,754
1488,754
1463,760
1438,762
1411,766
1381,770
1354,773
1317,778
1282,783
1246,785
1204,788
1164,792
1122,796
1069,800
1026,803
976,806
924,811
869,814
821,818
778,832
744,807
721,816
669,831
644,827
615,821
578,817
547,805
523,798
509,787
503,774
505,759
515,743
535,731
557,722
593,712
648,702
700,697
755,691
814,686
869,685
927,671
975,666
1028,659
1079,658
1128,649
1169,643
1209,638
1250,631
1288,625
1322,619
1350,615
1382,609
1412,604
1439,598
1462,594
1485,589
1506,584
1524,580
1540,575
1554,572
1566,566
1577,562
1585,558
1592,552
1596,549
1598,544
1598,540
1597,536
1592,530
1588,526
1579,523
1570,517
1559,513
1544,508
1529,504
1510,499
1493,497
1471,493
1446,487
1422,482
1392,478
1366,474
1331,468
1300,464
1265,458
1225,453
1186,447
1143,442
1097,438
1048,433
995,428
944,424
889,419
857,416
792,401
769,426
747,427
740,396
706,406
678,421
651,432
623,444
599,452
575,463
553,472
533,483
515,494
502,503
493,513
489,523
491,536
499,548
515,562
537,576
570,590
611,600
660,606
712,614
774,622
833,628
887,638
955,636
1002,640
1056,648
1116,651
1163,653
1206,657
1252,662
1292,666
1326,669
1365,674
1393,676
1425,684
1451,684
1481,689
1504,692
1527,697
1547,699
1566,703
1582,705
1597,710
1610,715
1620,719
1628,722
1635,728
1639,731
1641,735
1642,740
1640,746
1636,751
1629,754
1622,759
1611,764
1598,770
1583,773
1567,778
1548,782
1526,787
1505,790
1481,794
1452,801
1427,807
1393,811
1364,816
1326,822
1292,827
1252,832
1203,837
1164,843
1118,849
1064,854
1013,860
959,865
900,871
852,876
807,862
756,865
729,864
708,859
678,885
652,865
625,856
590,844
564,833
538,823
518,808
504,792
498,775
500,756
510,741
530,729
557,718
599,705
656,698
710,691
769,685
825,678
886,670
946,666
996,661
1048,660
1109,652
1154,645
1196,640
1241,634
1281,628
1318,623
1356,618
1385,614
1418,608
1446,604
1472,602
1498,597
1521,594
1542,590
1560,585
1577,581
1592,578
1605,573
1615,570
1624,566
1631,563
1635,559
1638,555
1638,551
1637,547
1633,543
1629,541
1621,535
1612,532
1600,528
1588,523
1572,519
1556,516
1536,512
1514,509
1492,503
1467,499
1440,495
1412,492
1382,489
1349,485
1314,481
1279,477
1238,472
1195,468
1154,465
1107,461
1056,458
1005,454
952,451
897,446
857,443
808,467
799,436
780,454
760,438
729,440
673,475
648,482
626,483
602,489
579,494
559,502
540,511
526,520
516,530
512,542
514,554
522,567
539,581
564,595
588,607
643,617
690,623
742,632
800,635
859,639
919,645
975,646
1020,650
1072,653
1125,654
1165,655
1209,658
1249,658
1285,660
1320,662
1347,664
1376,668
1404,668
1429,669
1453,670
1474,672
1493,673
1510,676
1526,678
1539,680
1551,683
1559,685
1567,688
1571,690
1575,691
1575,693
1574,697
1573,699
1567,701
1561,704
1552,706
1541,708
1528,711
1512,715
1496,715
1477,718
1458,721
1435,722
1410,725
1383,730
1359,731
1327,733
1299,736
1263,739
1230,742
1195,746
1156,747
1115,751
1069,754
1022,759
974,762
925,763
870,768
818,770
763,773
730,776
677,762
648,786
626,783
604,788
583,789
561,790
542,787
525,787
511,784
502,783
498,778
498,772
505,765
519,756
542,747
573,736
620,727
669,725
722,721
782,716
843,711
905,705
960,700
1013,697
1069,690
1122,686
1172,682
1221,678
1261,674
1304,668
1342,665
1380,661
1412,657
1445,654
1474,649
1502,646
1527,642
1551,640
1572,636
1594,634
1613,629
1628,627
1641,624
1654,619
1664,618
1672,613
1678,611
1682,608
1685,604
1685,601
1684,598
1681,595
1675,590
1668,588
1659,585
1648,581
1634,578
1620,574
1603,572
1584,570
1562,567
1539,563
1515,562
1489,558
1460,555
1433,551
1396,547
1364,547
1325,542
1284,540
1246,537
1201,533
1157,531
1109,529
1057,526
1001,523
950,520
886,509
829,512
770,512
707,508
658,511
620,511
589,508
565,510
544,512
526,516
511,517
498,520
488,524
480,528
477,535
476,543
480,552
488,564
502,575
525,588
554,602
592,614
642,621
692,629
748,638
806,642
864,647
924,653
976,655
1021,659
1075,667
1124,670
1167,673
1207,677
1247,681
1280,688
1314,690
1346,694
1374,699
1402,704
1429,709
1453,712
1476,716
1495,721
1511,723
1528,725
1541,731
1552,734
1561,739
1567,742
1573,747
1577,751
1577,757
1576,761
1573,766
1567,772
1559,776
1550,782
1540,786
1526,792
1509,798
1492,803
1471,808
1449,814
1427,818
1400,825
1375,829
1342,835
1312,842
1276,847
1239,854
1193,862
1156,867
1110,872
1061,879
1010,885
959,891
906,896
881,898
837,883
821,886
774,903
750,876
727,881
702,876
677,873
654,875
630,871
600,857
575,844
551,832
530,818
512,805
497,788
487,774
480,761
478,750
478,739
483,731
495,723
513,717
539,709
574,702
628,694
685,689
742,684
803,679
863,671
926,666
980,659
1031,657
1091,653
1139,645
1187,640
1231,634
1274,629
1314,624
1353,619
1388,615
1419,610
1450,606
1476,602
1499,598
1524,593
1547,590
1567,584
1583,582
1600,577
1614,574
1625,571
1635,566
1642,563
1648,558
1652,555
1654,552
1653,547
1651,545
1645,541
1639,536
1631,533
1622,530
1608,525
1593,521
1577,518
1559,514
1539,512
1516,508
1494,504
1469,500
1439,494
1410,491
1380,487
1343,482
1309,478
1267,475
1224,470
1182,467
1135,465
1087,460
1032,456
980,452
925,449
879,445
818,451
803,471
779,457
779,460
759,455
727,447
673,483
646,489
620,491
596,499
573,509
551,519
533,528
522,538
517,549
520,562
531,577
551,593
579,607
628,621
676,626
730,637
789,642
848,645
910,651
964,655
1014,658
1071,662
1121,665
1166,666
1211,669
1253,673
1292,675
1327,674
1364,678
1391,682
1422,684
1448,686
1474,689
1497,690
1519,693
1538,695
1557,698
1572,700
1587,703
1598,705
1608,709
1616,711
1622,715
1626,718
1628,721
1628,724
1625,728
1620,731
1614,734
1606,737
1596,741
1583,743
1569,746
1554,749
1535,752
1514,754
1492,758
1468,762
1441,763
1415,767
1385,771
1356,775
1318,779
1285,784
1251,787
1206,792
1166,796
1123,800
1070,805
1024,809
973,812
919,816
862,819
814,822
773,814
732,820
710,814
685,815
656,817
630,813
603,812
573,800
549,794
529,785
512,775
502,763
497,749
498,735
506,722
523,710
549,697
586,686
635,680
688,675
744,669
803,665
860,657
923,651
975,646
1028,642
1084,639
1132,632
1180,625
1224,620
1263,616
1306,610
1343,606
1380,603
1411,599
1441,594
1466,589
1493,587
1518,582
1538,579
1561,573
1576,571
1594,567
1609,562
1622,557
1634,552
1641,549
1648,545
1654,542
1656,536
1658,533
1657,531
1654,526
1648,521
1641,517
1632,515
1620,509
1606,505
1591,502
1572,498
1553,495
1531,493
1508,490
1483,487
1452,482
1424,477
1389,474
1358,468
1318,464
1285,461
1239,457
1196,452
1152,449
1102,443
1051,439
995,436
942,431
884,427
845,429
793,448
765,410
740,423
715,437
689,446
665,446
638,455
613,459
589,465
565,471
542,478
521,484
503,492
488,501
478,511
471,523
469,535
470,547
478,560
495,576
518,592
549,606
587,622
639,628
694,637
752,644
811,649
873,652
933,658
987,662
1040,665
1096,670
1141,671
1190,675
1234,678
1268,681
1312,683
1345,685
1381,689
1411,693
1440,695
1465,699
1490,701
1512,705
1534,707
1553,710
1571,714
1587,716
1599,721
1610,724
1619,728
1627,731
1630,735
1633,738
1634,741
1633,746
1629,749
1623,751
1616,754
1606,758
1593,762
1579,765
1564,769
1546,771
1526,777
1505,779
1481,783
1457,787
1432,793
1402,796
1373,802
1339,805
1305,811
1261,815
1223,819
1180,824
1133,829
1087,833
1037,837
985,841
931,846
886,850
865,856
815,841
809,855
743,845
722,844
711,853
675,849
657,846
634,849
603,847
578,841
554,835
534,826
516,819
500,811
489,801
482,791
477,781
477,770
484,759
497,748
515,739
542,730
576,722
630,714
683,711
740,705
798,701
856,698
916,689
966,683
1017,680
1068,676
1118,673
1161,667
1202,663
1244,658
1280,654
1317,651
1346,646
1378,642
1407,638
1432,636
1456,631
1477,628
1499,625
1517,622
1533,619
1547,614
1560,612
1570,608
1578,604
1583,601
1588,599
1590,597
1589,593
1587,590
1582,587
1576,585
1568,582
1557,579
1545,576
1532,573
1515,570
