#x_position,y_position
348,274
409,285
479,293
546,302
616,309
676,317
741,323
797,331
849,337
906,345
957,353
1002,360
1046,367
1087,373
1126,380
1160,387
1193,394
1225,401
1252,407
1266,412
1275,416
924,207
886,194
882,169
801,189
752,176
744,200
644,172
1013,391
602,152
554,164
517,159
485,156
457,174
409,147
398,167
349,162
1206,221
757,211
756,211
829,347
1267,566
1253,572
1225,580
1191,588
1156,595
1120,604
1078,612
1034,620
984,630
932,639
880,648
822,657
765,665
720,672
690,672
662,670
631,660
596,646
561,632
525,618
490,602
451,582
416,562
383,542
352,521
323,501
301,482
328,428
367,419
422,409
482,401
544,394
610,388
669,383
726,380
783,375
832,370
881,365
927,360
969,355
1006,350
1042,346
1076,341
1106,336
1135,331
1158,327
1182,322
1200,317
1218,313
1234,309
1248,304
1257,299
1262,295
1264,291
1267,286
1268,282
1268,278
1268,273
1265,268
1262,264
1258,259
1250,255
1238,250
1221,244
1203,239
1185,235
1163,229
1138,225
1111,219
1083,214
1052,208
1017,202
979,198
940,192
899,186
855,180
807,175
755,168
703,163
650,157
602,150
555,135
525,136
502,149
471,155
439,154
407,156
377,158
350,160
325,162
302,163
319,187
368,194
427,201
490,208
554,215
615,221
670,229
725,235
775,242
826,249
871,255
914,262
956,268
992,275
1027,281
1058,287
1089,293
1114,298
1139,305
1161,311
1181,316
1198,322
1213,327
1226,333
1236,339
1244,344
1250,350
1254,355
1255,360
1255,366
1253,371
1248,377
1240,382
1231,388
1219,393
1206,398
1190,404
1171,409
1150,415
1127,421
1100,426
1072,432
1042,438
1006,444
971,449
932,455
889,461
845,468
796,474
745,480
702,484
665,490
646,492
628,490
602,494
571,483
544,478
516,472
486,464
457,456
427,447
397,439
368,431
339,422
315,412
310,374
341,366
385,357
440,350
498,342
557,334
619,329
675,324
731,320
787,313
832,308
877,303
921,297
961,292
997,288
1029,283
1060,278
1087,273
1112,268
1136,263
1156,258
1175,254
1190,249
1203,244
1214,239
1223,234
1230,230
1234,225
1236,220
1236,215
1235,210
1231,205
1225,201
1217,196
1207,191
1196,186
1182,181
1165,176
1147,170
1125,164
1103,159
1078,154
1050,148
1020,142
988,136
955,131
917,125
878,119
837,112
792,106
745,100
696,94
646,89
599,84
563,83
534,87
505,90
472,90
438,93
405,99
374,109
345,119
319,129
310,232
353,241
409,250
470,258
533,264
595,268
657,275
712,279
767,284
818,291
865,295
910,300
954,305
994,309
1028,313
1063,318
1095,323
1124,327
1149,332
1173,336
1195,340
1213,344
1229,348
1243,352
1256,357
1261,360
1265,364
1268,368
1269,371
1269,376
1269,379
1268,383
1267,388
1263,391
1258,395
1249,399
1235,402
1220,406
1202,409
1182,414
1160,417
1135,421
1108,425
1078,429
1047,433
1010,436
975,440
935,444
892,448
846,452
798,455
748,460
694,464
638,469
587,474
552,473
523,475
495,479
467,479
437,477
407,473
380,469
356,463
334,455
316,447
302,438
307,412
330,403
360,395
410,384
464,375
524,367
585,364
646,356
703,352
762,346
812,340
861,335
908,330
952,325
990,320
1026,315
1061,309
1093,305
1121,299
1148,294
1172,290
1195,285
1212,280
1230,275
1245,270
1257,265
1262,260
1267,256
1269,251
1270,245
1271,242
1271,235
1270,230
1268,225
1265,220
1260,214
1253,209
1239,203
1223,198
1204,192
1186,187
1163,181
1138,175
1111,169
1082,164
1051,158
1015,151
978,145
938,138
895,132
850,125
801,118
751,111
698,105
649,99
604,107
576,102
550,105
520,123
489,128
456,135
424,138
392,140
361,144
334,151
309,157
314,221
357,229
412,238
471,246
534,254
592,259
651,268
703,273
757,281
800,290
848,297
892,303
932,310
970,317
1003,323
1033,329
1064,336
1090,342
1113,348
1135,354
1153,360
1170,367
1184,373
1196,378
1205,385
1213,390
1218,396
1221,402
1222,408
1220,413
1217,419
1212,425
1204,431
1193,437
1181,443
1167,449
1150,454
1131,461
1109,467
1086,473
1059,479
1031,485
999,492
965,498
928,504
889,511
845,517
799,524
752,531
702,537
657,542
624,545
601,547
578,547
553,541
522,536
488,534
455,524
423,515
392,503
364,491
338,478
316,464
301,450
316,416
343,406
380,397
437,386
494,377
551,372
614,362
672,357
726,352
779,347
824,342
870,337
915,332
956,327
991,322
1024,318
1054,313
1082,308
1106,304
1130,300
1149,295
1168,290
1183,286
1196,281
1207,277
1216,272
1223,268
1228,263
1230,259
1230,254
1228,250
1224,245
1218,240
1210,236
1199,231
1188,226
1173,221
1157,217
1137,212
1116,207
1093,203
1068,198
1042,193
1013,187
981,182
946,177
911,172
871,166
830,161
787,156
739,150
692,145
642,139
599,136
562,136
534,136
512,132
483,135
451,137
418,139
386,143
357,147
329,152
303,160
315,250
362,261
417,271
479,280
540,288
605,294
662,302
717,306
773,313
822,319
868,325
915,331
957,337
996,343
1031,348
1065,355
1096,360
1126,365
1151,371
1174,376
1194,382
1213,388
1230,393
1243,399
1254,404
1260,409
1264,413
1267,419
1268,425
1268,429
1268,434
1266,440
1264,444
1258,450
1251,454
1239,459
1224,465
1208,470
1189,475
1167,480
1143,485
1116,491
1088,496
1056,502
1021,507
983,513
946,519
903,524
856,531
807,537
758,542
711,549
673,559
648,541
629,542
611,543
588,538
564,530
537,521
509,511
479,501
448,489
417,478
386,469
356,460
327,451
304,443
330,420
368,416
424,411
481,407
541,403
600,399
658,393
712,388
764,382
816,377
861,372
905,367
943,362
980,358
1014,353
1044,349
1071,345
1098,340
1121,335
1141,331
1159,326
1175,322
1189,317
1200,313
1209,309
1216,304
1220,300
1222,295
1222,291
1220,287
1216,282
1209,278
1201,273
1190,269
1178,264
1162,260
1145,255
1127,250
1105,246
1080,240
1054,236
1024,230
994,226
960,220
925,215
886,210
845,204
799,199
753,194
704,189
654,183
604,177
565,177
550,176
536,186
522,200
511,211
503,220
498,226
493,230
486,233
477,235
466,237
453,240
439,240
423,241
404,242
385,243
364,244
342,244
322,243
301,242
323,274
372,285
430,293
493,299
553,304
614,310
670,315
722,319
773,324
819,329
863,334
908,339
947,344
983,349
1018,353
1048,357
1076,362
1103,367
1127,371
1148,375
1167,379
1183,384
1197,388
1209,392
1218,396
1225,400
1231,405
1233,409
1235,412
1233,417
1230,421
1224,426
1216,430
1206,434
1193,438
1179,443
1163,447
1143,451
1122,455
1097,460
1070,464
1041,469
1009,474
975,479
937,483
899,488
855,493
808,498
762,502
711,508
664,510
632,518
601,517
567,509
536,515
504,511
472,504
443,494
414,484
386,474
359,462
333,451
313,437
310,405
335,397
369,388
425,378
480,370
536,363
598,355
654,348
706,343
763,335
807,329
852,322
896,315
937,309
974,303
1007,297
1037,290
1065,284
1091,277
1115,271
1136,265
1154,258
1169,251
1182,246
1194,239
1202,233
1208,227
1213,220
1215,214
1216,208
1214,202
1210,195
1203,188
1196,182
1187,176
1174,169
1159,162
1140,154
1121,147
1100,140
1075,133
1050,126
1020,118
988,110
955,102
916,94
877,87
834,78
788,70
739,61
693,54
651,48
616,45
583,46
550,50
515,53
479,61
442,72
406,87
372,101
340,115
310,130
326,244
372,252
428,259
488,265
549,270
613,276
673,281
730,284
782,288
834,292
880,296
926,299
969,303
1008,306
1043,310
1075,313
1106,316
1134,320
1158,323
1181,326
1202,328
1219,330
1235,334
1247,336
1257,339
1262,341
1265,343
1268,346
1268,348
1269,350
1268,353
1266,355
1264,358
1259,360
1252,363
1240,365
1225,368
1209,370
1191,373
1169,374
1147,377
1120,380
1093,383
1061,386
1029,388
995,391
957,394
916,397
872,399
825,402
778,404
725,406
670,409
620,411
577,410
553,400
537,411
515,417
489,415
464,412
439,409
415,407
393,406
372,403
352,399
334,394
317,393
303,393
312,382
344,377
397,373
453,368
514,364
575,362
635,358
691,355
747,353
796,348
844,346
892,343
935,340
974,337
1010,334
1043,331
1075,328
1103,325
1130,322
1153,319
1174,317
1193,313
1209,310
1222,308
1235,305
1244,302
1252,299
1257,296
1258,293
1259,290
1259,288
1258,284
1255,281
1248,278
1239,275
1227,272
1214,269
1199,265
1181,262
1160,259
1138,255
1112,252
1084,248
1054,244
1021,241
985,236
947,233
908,228
864,225
818,221
768,216
718,213
675,208
623,186
606,197
589,200
570,203
553,205
537,209
522,212
509,215
495,218
482,222
470,225
458,228
448,229
437,230
427,231
418,232
408,233
397,234
385,234
371,235
356,235
339,235
321,235
304,236
327,277
376,286
431,293
491,299
549,304
608,308
662,314
715,317
765,322
811,328
854,332
897,336
937,342
973,345
1007,350
1037,354
1066,360
1092,364
1115,368
1137,373
1155,377
1173,382
1186,385
1197,390
1207,394
1214,399
1219,403
1221,407
1221,412
1219,416
1215,420
1209,425
1200,429
1189,434
1175,438
1158,443
1141,447
1118,452
1094,456
1068,461
1039,465
1005,469
971,474
933,479
891,484
847,489
801,493
760,497
718,494
687,485
666,481
642,472
617,465
590,460
566,457
535,451
497,453
469,442
440,425
412,409
387,397
364,387
342,376
322,367
308,361
301,351
314,346
337,341
368,335
412,330
461,326
516,320
579,316
637,313
689,308
746,302
797,300
843,297
886,293
928,290
967,286
1003,283
1034,279
1065,276
1091,273
1117,269
1138,266
1158,263
1176,260
1190,256
1201,253
1213,249
1220,247
1225,243
1229,240
1231,236
1230,233
1227,229
1223,225
1216,221
1206,218
1196,215
1183,210
1167,206
1150,201
1128,197
1105,192
1079,188
1051,183
1021,179
987,174
951,168
913,164
873,160
828,154
783,150
744,146
693,160
685,159
672,161
654,173
629,190
605,204
585,215
565,226
545,235
524,244
544,234
523,236
503,239
485,235
470,235
457,236
448,236
441,236
435,235
432,234
429,233
428,232
426,231
425,231
425,230
425,231
426,231
427,230
429,232
431,234
433,236
435,239
437,243
439,246
440,253
441,259
441,266
441,275
441,284
440,293
439,303
438,312
437,321
435,330
432,339
429,348
424,355
419,361
387,376
379,382
373,387
419,365
416,367
1020,391
748,295
749,295
749,295
749,295
411,386
406,389
748,295
411,401
446,491
416,415
412,416
410,420
377,445
377,448
377,451
414,435
379,460
381,465
382,471
420,452
416,455
417,460
417,464
416,469
746,295
747,295
746,295
748,295
334,501
332,508
331,514
332,520
446,586
408,523
758,211
408,536
409,547
417,555
749,295
748,295
739,306
456,179
755,211
746,295
747,295
754,295
1018,391
747,295
754,295
754,295
748,295
746,295
744,295
756,211
1017,391
751,295
755,211
755,211
752,295
753,295
754,211
453,602
754,295
747,295
757,211
450,601
879,601
882,601
752,379
397,202
550,412
397,149
598,611
597,612
653,508
653,508
746,286
749,379
736,380
746,286
737,380
737,380
459,181
459,181
435,467
600,611
596,611
699,198
745,390
845,337
741,295
741,294
341,714
848,347
741,379
503,173
642,443
739,322
746,379
538,595
758,211
757,211
830,347
740,295
740,295
736,333
832,347
832,348
645,454
758,211
754,211
740,295
502,173
399,151
398,151
849,338
596,611
737,379
737,379
737,379
642,643
455,337
1173,384
645,518
746,295
645,518
736,379
736,379
758,211
737,379
637,315
1204,257
757,211
757,211
545,605
551,458
757,211
360,25
756,211
656,211
647,453
306,145
742,295
754,212
542,65
1012,391
1269,445
1269,445
459,228
737,211
881,665
452,18
831,347
830,349
830,349
745,295
749,295
747,296
753,211
831,347
830,347
644,453
755,211
757,211
753,296
750,295
751,295
751,295
756,211
829,348
830,347
830,347
751,295
756,211
878,173
756,211
757,211
740,379
739,379
737,379
751,379
646,453
747,295
739,295
758,211
412,710
756,212
756,211
749,295
743,295
408,684
744,295
744,295
885,636
756,212
411,641
411,634
410,626
837,698
413,611
407,600
550,411
550,411
