#x_position,y_position
643,615
643,615
708,609
773,604
839,600
899,598
953,595
1008,593
1071,590
1119,585
1168,581
1210,579
1257,579
1292,575
1331,570
1363,567
1401,563
1432,560
1459,559
1484,559
1508,557
1532,554
1552,551
1572,549
1589,546
1603,543
1617,541
1628,538
1636,535
1644,531
1650,528
1652,525
1653,523
1651,520
1649,517
1644,515
1638,512
1628,508
1617,505
1604,502
1590,499
1573,496
1554,492
1535,491
1512,487
1488,483
1463,483
1434,480
1406,475
1374,473
1341,466
1308,464
1275,460
1233,458
1196,454
1149,450
1108,447
1062,443
1009,440
961,437
910,435
861,437
821,437
797,451
779,459
759,463
740,459
726,457
713,456
704,454
693,449
681,443
666,436
652,428
634,419
618,411
601,404
582,397
562,390
548,383
531,378
509,372
488,364
467,358
445,354
428,351
415,350
405,350
398,351
393,350
389,355
388,356
386,360
382,364
379,368
375,372
372,375
368,366
366,371
365,372
364,377
366,382
371,400
377,404
386,408
401,413
420,416
454,424
496,423
539,428
590,433
647,438
705,444
762,451
819,458
871,465
927,474
974,482
1017,490
1069,498
1108,507
1143,514
1184,522
1215,529
1250,536
1279,542
1306,548
1333,554
1358,561
1380,568
1400,575
1421,582
1436,587
1450,595
1463,602
1473,608
1481,616
1488,623
1493,629
1495,635
1495,642
1493,648
1488,655
1482,661
1474,668
1464,673
1451,679
1438,686
1422,692
1404,699
1385,706
1364,710
1340,716
1315,722
1286,729
1258,736
1225,745
1191,750
1158,756
1123,765
1080,770
1040,777
997,784
948,791
901,798
855,802
798,794
783,819
769,788
757,781
742,776
729,773
716,772
703,772
688,775
674,776
659,778
644,780
618,794
600,798
579,805
560,806
538,806
516,808
498,806
480,805
465,803
452,800
436,796
420,794
407,790
394,787
385,784
378,780
370,775
365,771
359,765
354,761
350,757
348,752
345,748
343,745
342,744
341,742
343,741
346,739
353,739
364,739
382,737
407,735
441,733
481,727
532,724
598,719
670,718
734,714
791,709
850,704
901,701
952,696
997,691
1054,686
1094,683
1135,678
1175,673
1214,669
1253,661
1285,659
1319,656
1349,650
1378,646
1404,641
1429,638
1451,634
1471,630
1489,625
1505,621
1519,617
1531,613
1541,609
1550,603
1555,599
1559,594
1561,590
1561,586
1559,580
1555,576
1548,571
1539,566
1528,562
1516,557
1501,551
1484,546
1465,542
1444,537
1421,534
1396,527
1367,522
1337,516
1304,511
1272,507
1238,499
1198,495
1154,490
1114,484
1069,478
1013,471
966,466
916,463
855,468
810,466
778,478
748,486
740,448
693,497
662,499
634,499
608,497
586,492
565,486
547,481
532,471
515,463
499,454
483,444
468,435
455,428
443,421
431,414
421,409
411,404
399,397
389,391
379,388
371,385
364,382
360,383
355,384
352,386
351,389
350,391
347,395
345,383
345,403
345,407
342,413
344,418
346,424
351,429
360,437
374,444
400,454
432,459
470,466
520,472
576,481
637,492
701,501
765,509
828,515
889,521
945,528
986,534
1048,547
1103,551
1146,555
1189,563
1230,572
1272,577
1305,584
1344,593
1375,598
1404,604
1434,609
1461,617
1483,621
1506,627
1526,633
1544,639
1559,644
1574,651
1586,657
1596,663
1602,669
1608,675
1611,681
1612,687
1610,693
1607,698
1602,705
1594,711
1584,716
1573,722
1560,728
1543,734
1526,738
1506,745
1485,750
1462,755
1435,761
1406,768
1377,772
1343,782
1310,788
1270,795
1233,800
1197,806
1150,813
1105,820
1059,825
1003,832
948,837
898,843
836,872
807,876
785,848
763,850
740,844
715,840
690,842
661,833
628,831
598,826
564,819
532,809
499,798
469,787
440,775
416,760
396,746
382,732
374,720
369,709
366,698
365,687
367,678
370,669
375,660
385,654
402,649
426,642
455,637
493,629
542,621
601,615
662,608
726,601
789,596
850,590
909,586
959,581
1011,577
1066,575
1112,566
1159,561
1201,554
1240,553
1279,547
1311,542
1344,538
1374,532
1402,529
1430,524
1453,519
1475,516
1498,510
1514,506
1532,502
1544,498
1556,492
1567,488
1575,483
1581,479
1585,474
1588,469
1588,464
1586,459
1582,454
1576,449
1568,444
1557,439
1547,434
1533,429
1517,424
1499,419
1478,414
1458,410
1433,403
1406,398
1376,394
1344,386
1311,379
1281,377
1242,367
1209,363
1166,357
1127,352
1079,347
1028,339
980,334
930,329
882,326
833,344
809,348
793,352
776,359
757,366
735,374
710,382
681,388
653,392
622,396
600,385
567,385
531,389
500,395
463,392
429,401
407,404
387,406
375,410
366,417
362,424
361,429
362,435
366,440
373,444
383,448
399,454
422,459
457,467
499,470
546,476
600,484
659,493
720,500
780,505
837,509
891,514
945,520
982,523
1032,527
1081,536
1126,541
1155,548
1194,553
1225,561
1257,563
1285,569
1311,573
1336,578
1358,583
1378,587
1396,592
1412,596
1426,602
1439,606
1448,611
1455,615
1461,620
1464,624
1464,629
1463,633
1461,638
1455,642
1448,647
1437,652
1425,657
1411,661
1394,664
1376,668
1354,673
1331,677
1304,682
1278,684
1248,691
1217,693
1183,697
1145,704
1111,707
1074,713
1032,716
984,722
934,725
887,730
840,734
792,739
756,764
731,753
706,757
681,759
655,760
632,757
606,758
581,760
556,761
531,763
508,762
484,760
461,757
441,755
422,753
406,750
390,747
376,742
363,739
355,736
350,731
347,727
345,721
342,715
340,710
339,704
338,698
339,694
341,690
347,684
356,679
372,672
394,667
426,661
472,655
527,648
591,642
658,640
720,634
778,632
834,628
889,623
939,618
987,616
1037,613
1081,607
1122,602
1160,597
1195,593
1232,587
1264,583
1292,579
1326,572
1350,570
1374,567
1398,561
1417,558
1436,553
1451,549
1465,544
1476,540
1485,536
1493,531
1499,527
1501,522
1502,516
1500,512
1496,508
1491,501
1482,496
1471,491
1459,487
1443,480
1426,477
1405,470
1383,465
1358,460
1332,455
1303,449
1272,444
1238,437
1203,433
1162,426
1123,418
1080,412
1034,406
983,399
932,393
877,386
834,360
800,416
780,421
760,424
740,429
717,433
698,435
681,437
662,435
644,433
621,431
595,427
570,423
545,418
521,413
502,407
479,403
456,400
438,397
421,393
405,389
393,386
384,385
378,387
373,390
369,394
366,397
364,402
364,409
366,415
372,423
382,429
400,436
422,445
452,454
491,461
547,464
606,473
669,483
738,491
803,496
868,501
930,508
977,511
1031,518
1098,526
1143,531
1187,538
1231,544
1271,548
1304,554
1342,561
1374,566
1409,573
1438,576
1463,581
1485,585
1508,590
1530,594
1548,599
1565,603
1580,609
1592,613
1603,618
1611,624
1617,629
1621,633
1623,639
1623,643
1620,647
1616,652
1608,656
1600,659
1589,665
1576,669
1562,671
1546,677
1527,682
1507,685
1486,689
1460,693
1433,698
1406,703
1378,706
1345,711
1311,715
1280,720
1240,725
1205,730
1161,733
1117,739
1072,742
1020,746
967,751
917,754
877,762
829,774
813,747
799,745
781,747
764,746
748,746
728,743
705,745
682,737
658,748
632,747
604,745
577,744
550,743
523,738
497,732
472,725
448,718
427,714
412,708
400,701
391,694
384,686
380,679
379,674
382,669
389,666
399,664
416,660
440,655
472,651
516,652
568,646
641,641
703,639
760,634
816,628
867,623
922,616
964,612
1009,607
1058,602
1092,595
1129,592
1162,587
1195,581
1224,579
1254,572
1278,569
1302,564
1323,558
1342,555
1359,550
1376,546
1388,540
1400,536
1406,531
1413,526
1418,522
1420,517
1420,513
1417,508
1413,504
1407,498
1399,494
1389,490
1377,485
1363,480
1346,475
1328,470
1308,466
1288,459
1265,457
1238,450
1209,446
1183,442
1150,436
1122,432
1084,426
1052,421
1010,415
970,409
931,404
877,397
861,395
840,425
830,433
816,440
798,445
779,449
761,454
742,457
720,458
695,456
670,451
644,443
616,436
587,429
556,422
525,413
496,407
472,403
450,398
430,395
415,393
403,392
393,393
385,394
377,392
369,391
364,390
361,391
361,395
363,400
368,406
376,413
388,421
405,431
427,438
458,447
497,455
554,467
612,473
670,481
729,491
786,496
839,502
891,509
938,514
981,521
1023,531
1066,539
1103,544
1132,550
1164,555
1195,562
1225,569
1254,577
1278,582
1300,587
1320,593
1337,600
1352,605
1366,612
1377,617
1386,624
1392,629
1397,635
1399,640
1400,647
1398,652
1393,658
1387,663
1378,669
1368,675
1355,679
1339,685
1323,690
1303,696
1281,700
1256,708
1233,714
1205,717
1178,720
1143,727
1110,732
1075,735
1039,741
993,749
949,754
909,762
863,766
821,771
766,794
742,793
721,764
697,763
671,765
643,765
615,764
585,767
554,764
524,762
493,760
462,754
438,750
418,743
402,735
387,726
375,720
365,716
360,712
358,707
356,702
356,698
357,696
359,696
363,697
367,697
374,697
385,697
401,698
428,701
462,701
502,699
555,692
629,683
698,682
764,675
827,670
879,662
939,657
992,650
1051,644
1095,638
1142,633
1187,625
1223,620
1266,614
1301,606
1336,601
1369,595
1401,588
1430,581
1455,577
1478,573
1501,565
1520,560
1539,551
1552,549
1566,543
1578,535
1586,528
1593,523
1598,517
1600,510
1600,504
1599,497
1596,491
1590,485
1581,479
1572,472
1558,464
1544,458
1527,453
1510,446
1489,440
1465,432
1441,426
1414,419
1384,412
1351,405
1319,398
1289,389
1250,382
1209,373
1161,367
1123,360
1074,352
1023,344
971,336
915,329
863,322
804,322
778,332
756,336
733,339
709,342
683,345
659,344
633,349
603,355
574,358
543,363
508,376
481,378
449,381
423,387
400,391
384,395
374,401
370,407
370,414
374,420
384,426
399,430
424,436
459,443
502,441
552,446
611,455
672,465
735,473
795,479
853,485
907,492
957,499
996,509
1044,511
1103,523
1138,529
1171,535
1206,543
1241,551
1272,558
1300,563
1327,569
1352,575
1373,580
1393,586
1411,592
1427,598
1441,604
1452,611
1462,616
1469,622
1474,628
1477,634
1479,641
1478,646
1475,651
1471,657
1463,663
1455,670
1444,675
1429,681
1414,686
1396,691
1379,696
1358,699
1334,704
1306,711
1280,715
1251,721
1219,724
1188,730
1154,739
1119,744
1079,749
1037,754
990,760
943,765
900,772
854,776
791,799
767,774
751,779
734,781
721,779
704,778
685,776
666,778
644,780
624,790
603,794
583,797
563,797
545,795
527,793
509,789
492,783
476,780
462,774
450,768
439,759
427,754
414,746
401,736
389,729
380,720
373,708
367,699
362,691
359,684
356,676
354,668
353,657
354,646
357,635
364,633
372,614
389,609
413,588
447,576
490,565
545,558
603,552
665,544
730,539
791,534
851,531
908,529
955,528
997,523
1051,518
1104,518
1144,516
1184,513
1221,511
1258,509
1289,505
1322,501
1349,500
1378,497
1403,495
1425,493
1446,491
1465,488
1481,485
1496,483
1507,481
1518,479
1526,476
1531,474
1536,472
1538,468
1538,466
1537,463
1534,461
1529,458
1522,454
1511,451
1501,449
1487,445
1472,443
1455,439
1437,437
1414,433
1392,430
1367,427
1339,424
1311,423
1282,420
1248,415
1215,414
1179,407
1146,404
1106,402
1064,398
1018,393
979,391
924,390
917,390
910,393
899,395
886,395
868,398
850,400
827,404
801,406
775,408
746,412
726,414
695,414
662,413
611,412
576,413
550,398
525,399
503,403
482,410
464,412
446,417
429,421
412,427
398,427
383,427
369,427
357,426
348,424
343,421
343,418
346,419
353,419
364,420
380,424
402,427
443,436
486,440
535,447
592,456
649,464
710,472
768,478
824,483
880,486
933,492
973,497
1019,500
1074,506
1108,509
1141,515
1179,517
1210,524
1244,528
1273,533
1301,537
1328,540
1350,542
1372,546
1391,549
1408,555
1423,558
1437,563
1448,565
1457,571
1464,575
1469,578
1471,581
1472,585
1470,588
1466,592
1460,594
1452,599
1442,602
1431,605
1418,609
1401,612
1383,616
1363,619
1342,621
1318,624
1292,627
1264,630
1235,635
1204,638
1171,642
1134,645
1099,646
1064,650
1017,654
972,655
930,659
878,666
829,666
792,672
747,683
732,679
716,669
388,995
681,641
659,643
639,649
618,647
595,655
570,675
543,675
515,681
486,682
458,682
430,680
406,678
387,677
374,672
365,669
359,664
356,659
355,656
356,652
359,647
365,643
376,639
392,636
416,630
447,627
488,624
544,616
617,612
681,611
738,608
794,604
847,600
896,596
939,592
986,587
1033,583
1070,579
1113,574
1145,567
1178,562
1206,560
1237,556
1264,553
1289,547
1312,545
1331,540
1349,536
1365,532
1379,529
1391,524
1400,520
1408,516
1414,512
1417,508
1420,505
1419,500
1416,495
1412,492
1406,486
1397,482
1386,477
1373,473
1358,467
1341,463
1322,460
1301,455
1278,450
1253,444
1226,439
1196,434
1164,432
1131,428
1096,422
1063,415
1018,409
976,403
933,400
881,395
842,390
786,389
770,389
743,407
715,436
715,387
688,407
657,439
639,441
623,435
607,415
565,422
536,417
508,415
481,411
453,409
430,404
405,402
389,398
377,396
369,394
363,394
359,395
357,393
355,394
353,396
353,396
353,408
356,400
360,403
365,406
373,408
385,409
402,412
426,414
467,421
512,421
562,425
618,430
678,436
740,439
800,441
860,443
917,444
958,448
1014,448
1070,450
1114,454
1153,458
1198,462
1228,462
1262,465
1293,467
1324,470
1350,471
1378,473
1402,475
1423,477
1442,478
1458,480
1474,482
1486,484
1497,486
1506,487
1512,489
1517,490
1519,491
1519,493
1518,495
1514,497
1507,499
1498,500
1487,502
1475,503
1459,504
1442,506
1422,507
1401,508
1379,509
1351,510
1325,511
1294,512
1263,513
1229,514
1193,515
1152,516
1117,514
1077,517
1035,520
989,520
942,520
892,521
858,524
796,549
773,547
749,546
727,547
703,549
683,553
662,559
640,525
618,529
599,546
579,545
548,566
522,574
499,592
475,603
452,614
429,629
411,639
397,647
384,655
373,665
366,672
361,677
358,680
358,681
358,682
359,681
360,681
360,680
360,679
359,678
359,677
359,676
359,673
359,671
358,668
358,665
358,662
360,655
361,650
364,645
369,642
378,637
390,633
407,629
432,626
464,625
505,625
554,619
621,612
683,610
741,605
799,600
852,596
901,592
947,586
995,580
1038,574
1079,572
1116,568
1149,559
1184,554
1216,552
1246,545
1271,542
1297,535
1321,531
1343,527
1361,521
1378,516
1392,511
1404,507
1415,502
1424,497
1430,492
1434,487
1437,482
1438,478
1436,472
1432,466
1426,461
1418,457
1409,452
1396,446
1381,441
1365,435
1347,430
1327,425
1305,419
1282,415
1254,408
1228,403
1199,397
1166,393
1134,385
1097,381
1060,372
1019,367
982,361
939,355
884,357
849,345
820,365
797,382
768,394
739,400
710,403
680,407
650,407
621,402
593,397
566,392
541,387
516,383
489,378
462,372
436,367
414,361
395,355
383,352
371,350
361,347
353,346
349,346
346,346
345,347
344,348
343,349
341,351
340,355
340,359
339,364
340,369
341,373
345,378
350,384
360,391
375,398
395,404
422,412
461,421
511,427
573,432
636,440
700,450
763,460
828,471
890,483
943,493
982,505
1051,523
1104,528
1147,538
1195,547
1238,561
1277,570
1317,581
1353,591
1390,601
1423,611
1453,621
1480,630
1508,642
1531,651
1550,659
1571,670
1589,681
1603,689
1619,703
1629,712
1639,722
1645,733
1650,743
1652,754
1653,765
1651,774
1646,785
1639,797
1631,806
1620,815
1606,827
1590,837
1572,847
1551,857
1529,869
1504,878
1477,889
1450,899
1415,911
1383,921
1343,934
1306,945
1265,959
1216,972
1170,982
1122,994
1072,985
1047,998
1029,1005
1012,1005
995,1002
975,1001
951,998
926,993
899,986
869,986
843,991
801,986
763,979
719,967
684,954
629,941
581,926
542,916
501,901
466,886
438,872
417,857
398,841
385,827
375,810
369,795
369,781
371,765
379,753
392,744
412,732
440,721
475,708
524,697
582,693
642,686
704,678
767,673
827,668
884,663
936,657
980,657
1033,653
1082,643
1122,637
1161,632
1200,623
1233,619
1269,615
1297,612
1326,606
1351,604
1377,596
1398,594
1420,587
1436,582
1452,578
1465,573
1476,568
1486,565
1494,561
1499,555
1502,550
1505,546
1504,542
1502,538
1497,533
1492,528
1483,524
1473,520
1461,515
1447,509
1432,505
1414,500
1396,497
1375,493
1352,488
1328,483
1300,478
1271,472
1242,467
1213,464
1180,459
1142,455
1111,450
1076,445
1035,439
994,439
961,437
952,439
946,443
936,448
929,455
920,443
904,444
882,447
858,447
833,448
806,446
773,443
738,438
697,433
657,428
603,422
562,417
524,410
486,403
456,400
430,397
411,396
390,393
375,393
365,390
357,389
354,393
351,395
350,394
349,397
348,400
346,401
346,404
346,405
345,406
345,409
346,412
349,414
354,420
364,424
377,428
397,433
428,438
467,445
516,450
577,456
644,461
709,468
772,472
835,478
894,484
942,490
1001,492
1056,500
1105,509
1148,515
1193,520
1234,527
1273,534
1308,537
1347,542
1378,548
1410,555
1438,561
1466,567
1490,573
1512,577
1533,582
1550,587
1566,593
1582,598
1594,603
1605,609
1613,615
1620,620
1625,625
1627,629
1626,634
1624,639
1619,646
1612,650
1603,656
1592,660
1577,664
1562,670
1545,674
1525,680
1502,685
1477,691
