#x_position,y_position
1561,597
1561,597
1540,596
1517,596
1492,596
1466,596
1440,595
1412,594
1384,593
1347,595
1317,595
1275,593
1238,593
1200,594
1156,593
1113,591
1070,591
1014,593
965,590
914,591
870,590
818,567
811,565
806,563
801,561
799,558
793,557
791,557
790,557
791,557
786,561
783,565
777,571
770,580
763,588
751,595
744,604
736,615
727,625
717,631
708,635
702,640
695,644
688,647
681,652
674,656
668,660
662,664
656,667
650,669
642,671
635,674
627,678
617,683
606,687
594,691
585,695
574,695
564,695
554,696
541,695
531,701
518,702
504,702
491,702
476,699
464,698
452,694
439,690
429,687
419,684
410,680
401,677
393,675
387,672
381,668
376,663
372,658
368,653
366,648
363,643
361,638
361,633
362,627
364,621
369,615
375,608
385,601
398,591
418,582
447,572
482,561
527,554
579,552
635,550
694,547
756,541
818,537
879,531
928,528
982,527
1041,520
1088,514
1138,511
1177,506
1223,501
1259,498
1295,493
1333,488
1367,485
1399,478
1428,476
1456,470
1481,465
1504,463
1526,457
1544,454
1563,449
1577,445
1591,442
1603,436
1612,432
1618,428
1624,423
1627,420
1628,416
1628,410
1626,405
1621,401
1616,396
1606,392
1596,386
1585,381
1570,378
1553,373
1535,367
1515,363
1492,357
1469,354
1443,349
1413,342
1386,338
1354,335
1321,328
1287,325
1249,316
1211,310
1163,304
1123,299
1079,292
1027,286
978,281
926,276
896,256
833,284
814,290
796,295
755,780
755,780
876,964
849,677
1171,566
577,41
1163,526
677,355
634,251
738,776
1718,112
1704,110
388,1037
755,811
763,322
1147,1032
1843,390
763,329
740,790
637,351
638,354
637,356
638,358
638,405
635,410
630,410
626,407
618,405
611,404
606,402
599,402
592,401
584,400
576,393
569,390
561,390
553,391
544,390
535,394
526,392
517,392
508,396
499,396
490,398
482,400
476,403
470,406
463,411
456,414
449,418
440,420
434,422
428,426
422,430
417,433
411,436
406,440
402,442
398,445
395,449
393,453
392,456
395,459
398,463
407,468
420,473
440,477
468,483
506,488
573,503
633,503
697,508
763,513
829,518
890,522
938,523
1005,525
1065,534
1115,538
1165,540
1215,546
1265,549
1300,553
1347,556
1390,561
1428,564
1462,569
1492,573
1523,578
1550,580
1577,584
1602,587
1626,590
1644,593
1665,597
1681,600
1696,603
1708,606
1719,610
1727,613
1735,617
1739,620
1742,624
1742,626
1741,629
1738,632
1731,636
1724,640
1714,643
1702,645
1687,649
1672,652
1654,655
1633,659
1610,661
1586,664
1558,668
1533,671
1500,675
1469,678
1430,683
1397,687
1356,688
1316,693
1269,697
1223,700
1175,705
1124,707
1071,711
1005,715
956,717
916,710
856,702
828,697
800,691
771,690
748,689
724,700
703,699
682,701
665,708
648,710
632,713
620,714
609,714
600,715
595,713
592,709
591,710
591,712
593,717
594,722
595,726
597,730
599,734
601,734
604,737
606,738
609,737
612,737
614,734
615,734
618,734
618,733
618,732
618,733
616,733
613,732
610,732
607,733
604,731
601,729
599,728
595,725
590,722
585,721
579,721
571,718
565,732
554,731
542,726
529,722
516,717
503,714
492,712
482,710
475,707
468,705
461,701
455,697
449,693
443,689
436,686
429,683
422,680
413,675
407,670
401,665
397,659
395,653
394,647
396,643
403,638
413,632
427,629
446,627
471,623
503,620
542,619
599,619
665,623
729,625
792,622
861,620
923,618
989,617
1048,613
1103,611
1161,607
1212,606
1266,603
1308,601
1356,599
1403,598
1441,596
1477,593
1514,591
1550,588
1581,586
1612,584
1642,582
1670,577
1697,575
1720,572
1741,569
1760,569
1778,565
1793,562
1807,559
1818,557
1828,554
1835,550
1841,547
1844,545
1846,544
1846,541
1844,539
1840,536
1834,533
1827,531
1817,529
1806,524
1792,522
1777,518
1760,517
1740,512
1719,508
1696,507
1671,501
1645,499
1615,495
1585,493
1551,489
1516,485
1484,480
1444,477
1404,473
1356,469
1310,465
1268,464
1215,461
1157,457
1108,453
1051,447
990,442
929,441
900,426
883,1016
868,894
1717,112
828,418
866,990
883,1016
1187,509
859,776
859,776
867,990
860,776
1718,70
698,380
684,371
674,364
659,402
651,394
645,387
638,379
633,368
630,361
628,355
628,349
627,342
627,323
626,332
624,314
623,311
621,308
618,305
615,302
611,298
606,294
601,292
596,288
589,286
583,284
575,283
569,279
561,280
554,279
546,279
535,278
526,278
519,277
513,277
509,278
505,278
499,278
494,278
487,278
480,278
474,278
468,278
461,278
456,278
451,276
447,274
442,274
438,273
434,271
428,270
422,269
417,270
412,270
407,270
402,271
397,271
393,272
389,273
386,274
383,274
384,275
383,276
386,277
390,279
397,283
407,285
421,287
441,291
468,295
504,302
562,312
620,312
681,320
746,330
812,339
878,349
928,354
1001,362
1059,374
1115,386
1162,393
1215,403
1268,412
1310,419
1351,428
1397,437
1433,445
1472,453
1506,463
1538,472
1571,481
1601,490
1627,497
1655,507
1678,515
1700,522
1719,531
1737,539
1750,548
1764,555
1775,562
1784,572
1791,578
1796,586
1799,594
1801,602
1799,610
1797,616
1791,625
1784,633
1774,641
1763,649
1749,658
1734,665
1718,673
1697,681
1675,690
1650,698
1624,707
1598,712
1565,722
1533,730
1494,740
1459,746
1419,757
1375,767
1332,776
1280,785
1225,794
1174,802
1122,812
1063,821
999,829
948,831
891,818
868,815
846,807
827,799
806,791
785,784
764,777
742,778
719,772
697,764
677,759
659,751
642,744
626,736
612,729
599,721
590,717
583,708
576,703
572,699
568,695
565,690
564,689
562,684
562,681
562,679
560,676
558,675
555,673
552,669
550,666
550,663
548,660
548,657
545,652
542,650
537,647
531,646
523,642
514,638
505,636
496,634
485,631
475,629
464,628
453,626
441,624
430,622
419,620
409,619
399,618
389,617
381,617
374,615
368,612
363,609
360,606
360,602
363,598
368,593
377,587
391,580
411,574
439,566
478,559
530,550
590,549
651,547
718,544
787,541
857,537
921,534
980,533
1041,529
1096,523
1150,522
1202,517
1253,514
1294,511
1344,509
1387,506
1427,502
1467,499
1499,495
1533,493
1561,489
1591,485
1618,482
1644,478
1667,475
1686,473
1704,469
1721,466
1735,462
1748,460
1757,457
1765,454
1771,449
1775,446
1776,442
1776,440
1774,436
1769,432
1763,427
1755,423
1744,421
1731,417
1717,413
1700,409
1680,405
1660,401
1636,396
1611,394
1583,388
1554,385
1523,381
1487,375
1453,371
1418,366
1374,362
1333,358
1289,351
1238,347
1189,342
1136,337
1080,333
1023,328
991,343
963,337
903,307
916,326
854,352
832,351
804,354
819,313
781,355
753,313
736,312
684,349
661,346
643,327
627,338
614,337
604,333
596,334
590,317
586,314
585,312
584,309
584,306
585,305
586,302
588,302
589,302
589,302
590,302
590,303
591,303
588,304
584,303
581,302
577,301
573,300
569,298
563,297
557,297
551,297
543,297
536,300
528,300
520,302
513,305
505,305
498,308
490,310
483,313
475,317
467,319
460,322
453,324
446,328
439,330
432,333
425,336
419,338
413,340
407,344
402,346
397,348
393,351
390,354
387,357
385,359
386,362
388,364
392,367
400,368
413,369
432,372
459,373
493,374
535,376
604,385
663,384
725,389
787,396
845,400
901,407
953,413
1010,417
1063,424
1109,428
1152,433
1197,439
1232,444
1270,451
1303,456
1336,461
1367,465
1397,470
1423,475
1448,478
1470,483
1491,488
1510,491
1527,498
1542,503
1554,507
1566,511
1575,516
1582,520
1586,524
1589,529
1590,532
1589,536
1587,541
1583,546
1575,550
1566,555
1555,558
1541,562
1526,565
1508,569
1490,573
1468,577
1443,582
1418,586
1390,587
1359,593
1327,596
1295,601
1263,602
1223,608
1192,611
1148,617
1103,620
1062,623
1010,627
961,631
909,634
859,638
825,656
748,3
764,660
740,617
868,989
712,612
704,612
692,618
685,623
675,631
666,638
655,648
648,655
641,661
638,667
634,673
632,679
633,684
633,688
633,682
638,689
639,689
641,691
642,686
644,687
646,693
647,694
647,694
646,695
642,695
639,693
635,694
631,692
626,692
620,693
614,692
606,691
597,691
587,690
578,695
567,691
556,688
543,684
530,681
515,675
499,671
483,667
466,662
451,657
437,651
425,645
415,639
407,633
401,625
399,617
401,609
407,600
417,592
431,582
452,574
488,561
526,551
576,545
628,541
684,537
744,531
804,527
865,523
920,521
963,511
1010,516
1074,512
1121,509
1162,506
1202,502
1243,501
1278,495
1310,495
1343,492
1374,490
1403,484
1427,483
1452,480
1474,476
1493,474
1511,471
1526,468
1539,465
1550,462
1560,458
1567,455
1572,452
1575,448
1576,445
1574,442
1572,439
1567,435
1559,432
1549,428
1538,426
1525,422
1510,418
1492,415
1473,411
1451,406
1430,404
1404,401
1376,397
1345,395
1315,390
1287,388
1251,383
1208,377
1169,374
1133,369
1090,365
1045,362
996,357
943,353
893,349
855,348
793,331
771,352
754,354
884,734
1018,352
675,288
1704,110
539,731
670,355
660,313
650,312
644,311
640,312
637,312
637,312
637,313
640,358
639,358
641,358
642,360
642,355
641,363
642,365
639,364
637,365
635,361
633,363
630,362
625,358
619,356
612,356
606,356
599,356
592,356
585,359
576,361
567,360
556,363
544,363
531,363
517,364
503,365
488,366
472,365
457,367
444,368
433,371
422,374
413,378
405,380
400,384
397,388
396,393
397,397
402,403
411,408
424,413
443,419
472,427
510,435
575,450
637,453
701,461
769,470
836,477
901,485
954,488
1026,493
1082,506
1139,512
1189,519
1238,526
1281,532
1329,538
1366,543
1410,549
1440,556
1472,561
1501,568
1533,573
1560,578
1585,585
1608,589
1629,594
1649,599
1666,606
1683,612
1696,616
1707,621
1716,626
1723,631
1729,637
1732,642
1733,646
1733,651
1730,656
1726,659
1719,666
1711,670
1701,675
1689,679
1674,684
1659,689
1641,693
1621,697
1600,701
1577,707
1552,712
1527,715
1499,721
1472,724
1437,729
1408,732
1372,735
1339,741
1296,746
1256,751
1212,756
1172,761
1124,766
1073,771
1028,775
972,778
927,784
873,769
858,770
848,770
838,772
830,771
822,771
817,770
812,768
806,768
800,768
793,770
785,773
777,777
769,780
762,782
754,784
746,786
739,788
733,789
725,796
717,800
712,799
704,804
697,803
690,803
683,801
676,800
668,798
661,796
653,795
645,794
635,791
626,787
616,784
607,780
595,778
584,775
571,770
560,767
550,765
541,761
531,755
521,749
510,744
500,736
488,729
478,720
468,712
459,702
449,691
441,683
431,674
424,667
416,658
411,650
407,643
404,636
402,630
404,623
409,615
420,607
437,597
463,587
498,575
538,569
586,566
635,565
692,560
751,554
811,550
870,545
924,540
965,539
1031,539
1076,530
1122,525
1163,523
1206,516
1245,515
1281,511
1316,505
1350,501
1381,496
1412,492
1439,490
1464,484
1488,481
1508,478
1527,473
1543,469
1559,463
1571,460
1581,456
1590,451
1597,448
1601,444
1603,440
1604,433
1601,429
1598,424
1590,420
1582,415
1572,411
1558,404
1544,401
1526,396
1507,390
1485,385
1462,382
1436,375
1408,370
1378,364
1346,360
1309,353
1273,347
1233,339
1196,336
1149,330
1104,323
1059,317
1014,328
962,315
941,331
916,326
893,322
879,322
850,319
827,320
970,612
388,1037
784,268
397,204
388,980
1160,608
1816,416
661,307
388,1037
633,315
621,322
612,330
604,328
597,330
591,333
586,335
582,335
577,336
573,339
568,340
564,343
559,334
552,334
545,332
538,333
533,335
527,336
522,336
516,336
510,338
505,337
498,337
492,337
484,337
477,337
468,337
461,338
454,342
447,344
439,345
431,347
423,348
415,351
407,353
399,355
392,357
385,360
380,365
377,369
376,375
378,382
382,388
390,396
403,404
422,414
448,428
488,443
539,455
594,461
653,470
716,479
780,488
844,495
903,500
952,505
1004,512
1072,518
1121,524
1166,528
1215,534
1258,539
1293,545
1335,547
1366,556
1401,562
1432,565
1459,570
1485,574
1511,577
1535,581
1557,587
1575,591
1592,596
1607,600
1621,605
1632,609
1640,614
1647,619
1651,623
1654,628
1654,632
1651,637
1647,641
1639,645
1631,649
1620,654
1607,658
1592,660
1574,666
1556,668
1536,673
1512,678
1487,682
1460,685
1431,690
1402,697
1365,700
1335,703
1294,710
1257,712
1212,717
1171,721
1123,725
1075,729
1019,735
963,739
912,740
881,725
823,739
806,736
786,732
769,727
751,724
735,720
717,717
704,715
689,715
678,717
666,718
654,726
645,730
637,735
630,737
625,741
621,742
619,743
616,744
614,742
614,743
611,740
609,737
608,738
606,736
604,735
601,734
596,732
592,730
586,730
581,727
574,727
568,726
560,724
552,723
543,720
535,719
525,721
515,718
503,713
491,711
478,705
465,701
452,696
440,690
428,684
417,678
406,670
397,663
391,657
387,650
386,643
387,636
393,627
404,620
419,611
442,602
467,597
513,586
565,581
621,580
678,579
740,576
801,574
863,573
918,570
966,573
1019,571
1069,569
1118,567
1159,565
1200,563
1240,563
1277,562
1312,559
1345,559
1376,559
1406,555
1433,555
1457,552
1479,551
1501,550
1518,548
1534,547
1547,545
1561,543
1571,541
1579,539
1584,537
1588,536
1589,534
1588,532
1586,531
1581,528
1574,525
1564,524
1553,522
1540,520
1525,518
1508,516
1488,515
1465,511
1442,510
1415,508
1387,506
1357,503
1325,499
1290,498
1255,494
1214,493
1174,492
1131,488
1086,484
1041,482
982,474
931,476
875,477
858,472
840,468
817,438
796,436
778,434
760,429
741,426
723,421
705,416
687,412
671,407
655,400
642,394
630,387
621,381
613,389
607,386
603,383
600,378
598,375
595,374
594,371
592,370
590,368
589,367
587,367
584,367
580,365
575,363
569,360
564,357
558,354
552,352
547,351
539,348
532,345
523,344
514,340
504,339
494,336
484,336
473,335
462,336
451,337
440,338
429,340
419,342
410,343
400,347
391,349
384,351
377,355
373,360
369,365
366,370
364,374
363,380
364,386
367,392
372,399
380,407
392,415
407,424
428,434
461,447
505,460
560,471
616,475
677,483
742,489
806,497
869,503
919,510
966,514
1040,525
1087,528
1137,536
1180,541
1221,545
1269,553
1299,560
1341,565
1374,572
1409,577
1437,582
1466,590
1490,593
1514,599
1536,606
1555,610
1572,617
1589,623
1601,627
1612,632
1620,639
1626,644
1630,649
1632,654
1632,660
1629,665
1624,671
1619,676
1608,681
1597,687
1584,692
1568,697
1549,702
1529,708
1506,714
1480,718
1454,723
1422,730
1394,733
1357,741
1322,744
1282,751
1239,758
1199,763
1148,771
1103,774
1052,782
999,786
954,788
895,762
863,763
842,759
818,754
799,745
778,736
757,726
738,721
714,712
695,712
676,708
659,706
644,704
632,705
621,701
613,707
607,706
602,703
599,700
598,696
598,692
600,689
602,682
603,666
606,659
610,656
612,649
617,646
620,641
622,636
621,632
621,627
619,623
617,618
615,614
613,608
610,603
609,600
606,596
604,591
602,587
598,585
593,583
588,582
579,580
570,583
559,585
548,597
534,594
520,593
506,590
490,589
475,586
460,583
444,578
430,575
415,572
403,567
392,563
383,557
376,551
370,545
365,537
362,531
361,524
361,517
364,509
370,500
379,492
395,482
414,473
445,461
482,455
525,451
573,451
623,446
682,441
743,436
803,430
866,425
923,422
966,423
1015,420
1072,419
1115,419
1150,418
1194,417
1227,415
1263,413
1293,413
1324,411
1350,410
1375,409
1398,408
1419,407
1436,407
1451,405
1466,404
1476,403
1485,401
1492,399
1497,398
1499,397
1500,395
1499,394
1494,390
1489,388
1481,385
1471,384
1459,381
1445,378
1430,376
1411,374
1392,373
1369,370
1344,366
1321,366
1292,364
1265,362
1231,360
1199,359
1162,356
1132,354
1090,353
1052,350
1010,348
966,345
922,342
871,340
842,339
786,340
1365,1056
760,302
1365,1056
1366,1056
1366,1056
851,675
1366,1056
1703,110
1703,110
310,931
1700,110
1353,1014
699,1054
865,894
865,894
871,816
861,678
314,795
1353,1014
661,305
650,304
640,311
630,311
618,311
606,311
593,304
579,300
566,298
553,296
543,296
532,298
522,299
511,299
502,299
494,300
486,301
479,302
470,304
463,307
454,308
446,312
437,316
428,318
420,321
411,323
403,325
395,327
388,331
381,334
376,337
370,341
367,344
364,348
363,353
361,358
363,363
366,369
373,374
383,379
398,385
420,391
449,397
489,405
548,416
613,420
673,426
736,431
796,435
853,439
907,443
951,444
1006,447
1058,454
1101,458
1143,462
1181,467
1218,472
1256,474
1288,480
1320,481
1349,485
1377,490
1402,494
1425,495
1446,498
1464,501
1481,504
1496,506
1508,510
1517,513
1526,517
1531,520
1536,523
1538,526
1538,529
1536,532
1532,534
1526,539
1517,541
1507,544
1495,546
1481,548
1465,551
1446,555
1427,557
1404,559
1380,563
1353,564
1327,565
1297,569
1266,571
1230,573
1197,574
1156,578
1121,579
1080,582
1035,585
987,587
935,591
888,592
842,594
787,605
770,603
1715,70
386,1019
834,972
646,289
739,790
714,582
