#x_position,y_position
1416,343
1416,343
1414,339
1410,334
1404,331
1397,325
1388,321
1377,316
1363,312
1347,306
1329,302
1310,298
1288,294
1264,288
1237,282
1209,276
1178,272
1145,267
1111,263
1073,258
1034,252
991,246
948,242
903,236
854,230
802,224
774,216
755,207
740,200
723,199
706,202
690,206
673,212
657,216
640,222
622,228
606,234
589,241
574,248
561,255
548,261
538,268
530,274
522,280
515,286
510,292
505,298
501,301
497,306
491,311
484,317
477,322
471,327
463,332
458,337
453,342
447,348
440,354
433,360
426,366
420,371
414,377
407,383
401,388
396,393
391,399
386,404
384,408
382,411
381,415
379,419
378,422
377,426
377,429
376,433
376,436
378,439
380,443
383,445
388,448
398,451
413,453
438,456
469,462
512,472
563,478
620,484
680,491
738,496
797,503
856,507
903,513
946,511
994,523
1037,528
1078,532
1117,537
1153,542
1187,547
1219,552
1247,556
1275,560
1300,565
1323,569
1342,574
1362,578
1378,583
1392,587
1403,591
1413,595
1421,600
1427,603
1430,608
1433,611
1433,615
1431,619
1427,623
1421,627
1414,631
1404,635
1392,638
1378,643
1362,647
1344,650
1324,654
1301,659
1277,663
1251,667
1222,670
1191,675
1159,679
1125,682
1085,687
1046,691
1005,695
960,699
915,703
887,716
867,733
855,741
843,743
828,741
812,744
795,745
777,747
758,747
739,744
717,741
696,737
675,731
654,724
635,717
617,710
600,701
584,693
569,683
557,673
546,663
536,653
527,644
518,638
512,630
504,622
495,613
487,604
482,597
475,590
470,582
466,575
463,567
459,561
454,555
448,549
445,544
441,539
438,535
435,531
432,528
430,525
428,521
426,517
424,514
421,511
419,508
416,504
413,500
411,496
409,492
407,488
407,484
407,480
410,475
416,471
428,465
449,457
479,449
519,438
566,430
619,425
674,422
729,422
784,421
835,422
884,421
928,422
973,421
1014,421
1052,422
1089,421
1123,420
1155,421
1185,421
1213,420
1238,420
1260,419
1282,420
1300,419
1317,419
1331,418
1344,417
1355,416
1363,415
1369,415
1375,415
1376,414
1378,413
1377,412
1373,412
1368,410
1361,409
1352,408
1341,407
1328,406
1313,405
1296,404
1276,402
1256,401
1233,400
1208,399
1181,397
1151,395
1120,395
1087,393
1051,391
1013,390
974,388
933,386
889,383
840,382
803,380
790,377
779,375
768,373
755,372
741,370
727,368
712,367
697,365
681,364
666,364
651,364
637,364
623,364
610,364
598,363
587,363
576,363
564,362
554,361
544,359
533,360
522,363
512,365
500,367
489,370
478,372
467,375
457,377
449,379
442,381
435,385
428,389
420,393
412,398
404,403
397,408
390,413
385,417
380,421
376,424
372,428
369,431
367,435
366,438
366,441
366,445
367,447
370,449
377,451
389,453
410,455
439,460
477,468
525,475
579,480
638,485
699,490
755,494
814,499
874,506
924,506
961,506
1010,514
1054,520
1096,523
1133,527
1169,532
1203,535
1236,539
1264,543
1291,546
1316,551
1339,554
1360,557
1378,561
1394,564
1409,568
1421,570
1431,574
1438,577
1446,580
1450,584
1452,586
1452,589
1451,592
1448,596
1441,599
1434,602
1425,605
1413,608
1400,612
1385,614
1367,616
1348,620
1326,623
1302,626
1276,630
1249,632
1219,634
1186,638
1152,640
1116,643
1076,646
1036,650
992,653
947,655
901,658
868,667
849,681
833,694
817,701
799,705
781,709
762,709
743,710
723,709
703,708
684,706
665,702
647,698
630,693
614,687
599,682
586,676
574,669
564,664
555,658
547,652
539,644
531,637
524,630
518,622
512,616
506,609
502,603
496,598
489,592
484,586
477,580
472,575
464,569
457,564
452,559
445,555
439,550
434,547
430,544
427,541
425,537
425,534
425,531
426,528
427,524
428,522
430,519
433,516
436,513
442,511
452,507
471,505
496,502
528,497
568,489
616,482
669,477
722,472
777,470
831,466
882,468
928,464
971,457
1013,454
1052,450
1089,447
1124,444
1157,440
1187,438
1214,434
1241,431
1263,428
1284,425
1303,421
1320,419
1335,414
1347,411
1358,407
1366,405
1373,401
1377,398
1381,394
1381,391
1380,387
1377,384
1372,379
1365,375
1356,372
1346,369
1333,365
1318,360
1302,357
1283,353
1263,349
1240,345
1216,341
1191,338
1162,334
1133,331
1099,326
1065,323
1031,318
992,313
951,310
910,306
865,301
832,299
820,301
809,301
796,302
783,300
768,299
753,297
736,294
718,293
699,293
679,294
660,296
641,299
623,302
605,306
588,311
573,315
557,320
543,325
531,329
519,333
510,337
500,340
489,345
479,349
469,355
460,361
450,368
440,376
431,382
423,388
416,394
411,401
407,406
404,412
400,417
396,421
392,427
388,431
385,436
382,440
379,444
377,447
375,450
374,453
374,456
375,458
376,461
379,463
384,465
393,467
408,469
432,474
464,481
506,492
556,499
611,505
669,510
726,515
785,520
837,524
888,526
933,533
978,540
1022,545
1062,551
1101,556
1135,560
1170,564
1201,569
1230,573
1257,578
1282,582
1305,587
1325,592
1343,596
1359,601
1373,605
1385,609
1394,613
1401,618
1408,622
1410,626
1412,631
1412,634
1410,638
1406,642
1400,646
1392,650
1382,654
1369,659
1355,663
1338,666
1320,670
1298,675
1276,678
1251,681
1223,686
1194,690
1163,692
1129,696
1094,701
1054,705
1014,708
972,712
925,715
882,721
860,731
844,739
828,743
810,744
792,745
773,745
754,745
735,744
715,742
695,739
676,734
658,729
641,724
624,720
606,712
590,707
574,700
561,693
547,689
535,683
524,678
514,672
502,666
492,658
481,650
472,642
464,634
457,627
450,621
445,614
441,608
437,602
434,596
429,591
425,586
421,583
418,579
414,575
412,573
410,571
408,569
408,567
408,564
409,561
411,559
414,557
419,555
428,552
444,550
468,546
501,542
541,535
592,527
648,523
707,520
766,517
822,514
880,509
932,507
975,505
1021,501
1063,500
1105,497
1145,493
1181,491
1215,488
1246,485
1276,484
1303,481
1328,477
1353,472
1374,471
1393,468
1409,466
1424,462
1436,459
1447,455
1456,453
1462,450
1466,447
1469,444
1469,440
1468,438
1465,433
1460,431
1453,427
1444,424
1433,421
1420,417
1405,413
1388,410
1369,406
1347,403
1324,399
1297,395
1270,392
1241,389
1209,386
1174,381
1137,376
1098,373
1058,370
1015,365
968,362
920,358
871,353
821,345
798,335
785,329
769,325
752,330
734,328
717,328
699,327
681,327
664,327
647,328
630,328
615,330
601,331
588,331
576,332
566,334
557,336
548,337
539,337
530,339
521,340
511,342
500,345
489,347
478,349
469,353
460,356
450,360
441,363
432,367
425,370
417,375
411,380
405,385
398,390
392,396
386,401
381,405
377,410
374,413
370,417
367,420
364,423
362,427
360,430
359,434
358,438
358,441
359,445
364,448
374,451
393,456
421,463
460,469
509,479
565,483
624,486
687,490
746,492
807,495
870,499
923,498
961,496
1014,502
1058,505
1102,507
1143,510
1182,512
1218,513
1252,516
1283,518
1312,520
1339,522
1364,523
1388,526
1408,527
1426,529
1443,531
1457,532
1470,535
1479,536
1487,538
1493,539
1497,541
1499,541
1500,543
1499,545
1494,546
1488,547
1481,548
1471,549
1460,551
1447,553
1431,553
1412,554
1393,555
1372,556
1347,557
1321,558
1292,559
1261,560
1228,561
1194,562
1156,562
1118,563
1075,565
1031,565
984,565
937,567
885,567
853,561
835,592
820,590
805,598
787,603
769,607
752,612
734,617
715,622
696,627
677,631
660,633
642,635
627,637
611,638
598,639
585,639
574,639
564,638
555,636
547,633
540,632
531,627
522,623
514,619
507,616
500,611
494,608
490,603
483,599
477,596
471,592
466,589
463,585
459,581
454,576
449,571
446,567
441,564
437,561
432,557
429,554
425,553
421,552
417,551
414,549
412,546
410,544
409,541
409,537
410,533
414,529
423,525
438,521
462,516
493,510
534,500
583,493
638,488
695,485
748,483
802,482
857,481
902,479
942,483
985,474
1027,472
1062,470
1099,469
1131,467
1161,465
1190,463
1215,461
1240,459
1260,457
1280,455
1297,453
1313,451
1326,449
1337,446
1345,444
1353,442
1358,440
1361,437
1362,435
1361,432
1359,430
1354,428
1347,425
1339,422
1328,419
1317,417
1302,415
1285,410
1266,407
1247,405
1224,403
1199,400
1173,397
1144,394
1114,391
1080,388
1046,385
1008,383
969,380
928,377
886,373
839,369
805,359
796,358
782,355
767,363
752,362
735,361
717,361
697,362
677,363
656,365
634,368
613,370
592,373
574,375
555,377
540,378
526,380
513,382
501,383
492,384
484,384
476,384
469,384
459,386
451,389
442,392
433,394
425,397
418,399
412,401
408,404
405,407
402,411
399,414
396,419
393,423
391,428
389,432
386,437
384,440
382,444
380,448
378,451
376,455
374,459
372,464
371,469
370,475
370,481
370,487
372,494
375,501
382,509
395,517
416,527
446,539
487,552
537,560
591,566
647,570
704,574
757,577
812,580
859,583
907,587
952,589
992,593
1032,595
1069,598
1103,600
1135,604
1166,607
1193,610
1219,612
1243,614
1264,616
1283,619
1300,621
1315,624
1328,626
1338,629
1348,631
1354,632
1359,635
1362,636
1363,639
1362,641
1359,643
1354,645
1347,646
1339,648
1328,650
1316,652
1302,654
1285,656
1267,658
1246,661
1224,662
1200,663
1173,666
1145,667
1114,670
1080,671
1046,672
1011,675
971,678
928,679
889,688
869,692
861,695
851,696
839,698
826,701
812,697
798,700
781,701
763,704
744,708
723,709
702,707
680,705
658,703
636,699
616,694
596,688
577,680
561,672
547,666
531,659
518,650
506,641
493,632
482,625
472,618
463,612
455,604
447,598
441,592
434,585
428,580
422,574
417,570
413,565
408,561
405,557
402,554
400,551
400,549
399,546
400,543
400,540
402,537
404,535
407,531
413,528
422,526
436,523
457,520
485,515
522,508
567,502
618,497
674,494
726,492
779,491
831,490
879,488
924,488
959,489
1002,484
1038,482
1073,481
1105,480
1136,477
1165,477
1190,474
1214,472
1236,471
1255,470
1272,469
1287,467
1300,466
1311,464
1320,462
1327,460
1331,458
1334,457
1336,455
1335,453
1332,451
1327,449
1320,447
1312,445
1301,443
1288,441
1274,439
1257,438
1238,434
1216,431
1194,429
1169,426
1142,425
1113,423
1080,419
1047,417
1012,414
975,412
933,409
893,407
847,404
809,399
791,398
774,401
758,399
740,397
722,395
703,392
685,388
668,387
651,385
635,384
621,382
607,380
595,379
584,377
574,376
565,374
557,372
550,371
542,369
536,367
530,366
526,364
523,361
518,361
511,362
504,363
497,364
490,366
484,367
477,370
470,372
464,375
457,378
450,380
444,384
436,388
430,393
423,399
415,406
409,412
403,418
397,423
392,430
387,436
383,443
379,449
376,457
373,463
371,471
371,477
371,483
374,489
383,496
398,502
424,510
459,520
504,528
555,534
609,541
668,546
722,549
778,553
829,557
880,556
923,563
968,569
1009,572
1049,576
1085,579
1119,583
1151,586
1181,589
1208,591
1233,595
1257,598
1277,602
1296,604
1313,608
1327,610
1339,613
1348,615
1356,618
1363,621
1367,624
1370,625
1370,628
1368,630
1365,632
1359,636
1351,638
1342,642
1331,645
1317,647
1301,650
1283,653
1263,656
1241,657
1216,662
1190,663
1161,666
1131,669
1099,672
1062,675
1026,678
986,681
942,684
899,686
854,690
833,687
816,721
810,703
797,707
783,717
769,712
753,714
737,716
721,717
704,717
687,716
670,714
653,712
637,708
622,704
606,697
590,691
576,683
562,674
549,665
535,655
521,647
510,639
500,631
489,623
479,616
470,607
461,601
452,593
444,587
437,581
431,576
426,571
420,566
415,561
411,558
407,555
405,552
403,550
401,548
400,545
398,542
398,539
397,537
398,534
399,531
402,528
408,525
419,523
436,520
462,516
497,510
541,501
593,497
649,493
705,489
760,487
813,486
870,486
913,484
954,481
998,478
1037,475
1075,473
1111,471
1144,469
1175,465
1203,463
1229,460
1254,459
1276,457
1296,455
1314,452
1329,450
1343,447
1354,444
1363,442
1370,439
1375,436
1379,434
1380,431
1379,429
1377,427
1372,424
1365,421
1356,418
1345,415
1332,412
1317,408
1300,406
1280,402
1258,399
1235,395
1208,392
1179,389
1149,386
1117,382
1080,379
1042,375
1003,371
961,368
915,364
866,361
817,357
772,352
748,346
729,342
709,341
691,341
676,342
661,342
647,344
634,346
621,347
608,349
597,351
587,353
578,355
570,357
563,360
557,361
553,363
549,364
546,364
541,365
537,365
531,365
525,367
517,370
508,372
500,376
492,379
483,382
475,386
468,389
461,393
454,398
447,403
439,407
432,413
425,418
418,423
411,428
404,432
397,437
392,442
387,446
383,451
380,457
378,462
376,468
377,474
378,480
381,487
386,493
395,499
410,505
432,512
463,520
502,530
548,538
599,544
654,551
710,554
763,557
815,560
865,560
909,564
955,571
995,575
1033,577
1070,581
1103,584
1134,587
1165,590
1192,594
1216,597
1239,600
1258,603
1276,605
1292,608
1306,611
1318,614
1327,617
1333,620
1339,622
1342,625
1344,626
1343,629
1341,631
1336,633
1329,635
1321,638
1311,640
1298,643
1283,645
1267,647
1248,650
1227,652
1204,655
1180,656
1152,659
1124,661
1092,663
1058,665
1025,668
986,669
946,671
904,673
875,680
854,687
842,692
830,702
813,711
794,711
776,713
757,715
738,716
718,716
697,716
677,714
656,712
636,708
616,703
598,697
578,689
561,681
544,673
528,664
513,655
500,646
487,638
475,630
465,621
456,613
446,606
437,599
428,592
422,586
417,580
412,574
408,569
404,565
402,561
401,558
400,554
401,550
402,547
404,543
407,539
414,536
423,533
441,531
466,527
497,523
537,514
586,507
641,503
698,499
753,497
808,495
866,493
913,493
952,494
997,487
1037,486
1075,484
1112,481
1146,479
1177,477
1207,475
1234,473
1259,470
1281,469
1301,468
1320,465
1336,463
1350,460
1362,458
1371,455
1380,453
1385,452
1389,448
1390,446
1391,444
1389,441
1385,439
1379,437
1371,433
1361,431
1349,428
1336,426
1319,423
1301,421
1281,418
1259,415
1235,411
1209,407
1180,406
1149,403
1118,401
1082,397
1046,395
1006,391
965,387
923,383
874,379
825,378
794,373
781,366
768,365
754,361
739,369
725,368
710,368
695,367
680,368
665,370
651,372
636,374
622,376
607,378
594,380
579,381
567,382
555,381
544,381
530,384
517,389
502,392
489,395
475,399
463,402
451,406
440,411
429,415
419,420
411,424
404,429
398,433
393,436
387,440
381,444
376,448
371,452
367,455
365,459
364,462
364,465
365,469
367,473
371,476
379,479
393,483
416,487
447,494
488,503
537,510
590,516
647,522
703,527
757,531
811,536
864,539
905,540
948,548
990,554
1031,558
1067,563
1102,567
1134,570
1164,574
1192,578
1218,582
1241,585
1262,589
1282,592
1299,596
1314,600
1326,603
1338,606
1346,610
1353,613
1357,616
1361,619
1361,622
1361,626
1357,629
1352,633
1345,637
1336,640
1325,644
1312,648
1296,651
1278,655
1258,659
1236,663
1211,666
1185,670
1157,674
1126,677
1092,680
1055,685
1019,687
978,691
935,695
889,699
859,706
842,716
830,724
816,731
800,736
785,740
769,742
753,743
736,743
719,742
702,739
685,736
667,732
650,728
634,724
619,719
604,714
590,706
575,700
561,694
549,689
537,682
526,675
517,668
505,663
493,657
483,650
473,642
460,633
450,624
440,617
433,611
428,604
423,598
419,592
415,586
411,580
407,574
404,569
402,564
401,560
399,557
397,553
397,550
397,547
396,544
397,540
398,538
400,535
402,532
405,530
409,527
413,524
421,520
433,516
453,513
479,508
515,500
561,495
613,488
670,485
726,482
784,481
839,480
891,483
935,481
982,475
1024,474
1064,472
1103,470
1139,469
1173,466
1202,465
1232,463
1259,462
1283,460
1305,458
1326,456
1344,454
1360,452
1374,450
1385,448
1395,446
1402,445
1408,443
1411,440
1413,439
1414,436
1412,434
1409,433
1403,430
1395,428
1387,426
1375,424
1361,421
1346,419
1329,417
1310,415
1288,411
1265,410
1241,407
1214,404
1185,403
1154,400
1121,398
1086,395
1049,393
1008,390
968,387
926,385
878,382
833,380
802,372
794,371
785,370
776,369
764,368
752,375
741,374
728,373
715,372
702,371
688,371
675,370
661,370
650,369
638,368
628,369
618,369
610,369
601,369
593,369
584,369
576,370
567,369
557,368
546,370
534,373
523,377
509,380
496,384
484,387
471,390
459,394
448,398
435,402
425,405
414,409
404,413
395,417
385,421
377,424
370,428
363,431
358,433
355,435
352,438
350,440
348,443
347,445
346,448
345,451
346,453
348,455
350,458
357,459
368,462
388,464
417,469
456,476
504,482
559,486
