#x_position,y_position
681,456
681,456
656,451
634,446
612,441
591,436
571,431
554,425
538,421
523,417
509,414
496,412
484,409
473,409
463,408
454,407
448,408
442,408
435,409
430,411
425,413
422,416
419,420
418,423
416,427
415,432
413,436
412,442
409,447
406,452
403,456
400,460
396,464
392,467
387,470
383,473
379,476
376,478
373,482
372,485
372,488
373,491
375,494
380,497
387,499
397,502
412,505
431,507
458,510
493,513
536,518
589,526
650,535
717,541
783,546
846,549
917,551
978,554
1028,559
1083,559
1134,562
1178,565
1225,570
1267,572
1305,574
1342,576
1376,579
1408,581
1436,584
1463,585
1488,587
1510,589
1531,591
1549,593
1564,595
1577,596
1589,598
1598,600
1605,600
1611,602
1614,604
1616,604
1616,606
1613,608
1610,609
1603,610
1595,612
1586,614
1575,615
1560,617
1546,618
1528,621
1508,621
1486,624
1464,626
1439,627
1411,629
1381,629
1352,632
1318,633
1283,634
1244,634
1205,636
1164,638
1120,639
1074,639
1025,641
975,642
923,642
868,645
813,645
754,644
732,643
716,646
708,648
705,650
704,650
705,652
705,653
705,658
704,662
700,667
696,674
690,682
683,689
675,698
666,708
657,716
647,725
639,731
632,738
625,746
618,750
611,754
605,756
598,760
590,762
582,765
574,767
565,768
556,768
545,767
534,767
523,765
510,763
498,760
484,757
470,753
455,749
442,744
429,738
420,732
412,724
404,715
396,707
389,699
383,691
380,683
381,675
388,667
402,660
422,653
448,645
481,638
519,631
566,622
622,616
679,610
739,604
795,600
848,597
903,594
956,592
994,587
1037,586
1080,581
1117,578
1153,574
1186,571
1218,569
1246,565
1272,562
1295,560
1316,556
1336,553
1353,550
1367,546
1380,544
1390,540
1399,538
1404,536
1409,531
1411,529
1411,526
1409,523
1406,520
1400,517
1392,513
1382,509
1370,506
1357,503
1340,499
1321,495
1301,493
1278,489
1253,485
1227,481
1198,478
1168,474
1133,469
1099,466
1060,461
1021,458
977,453
935,449
885,444
835,440
784,437
757,434
733,435
708,436
685,436
661,435
638,431
618,427
601,421
584,416
569,412
555,408
545,404
534,401
526,397
517,393
510,389
504,386
497,381
492,378
487,374
482,372
478,368
474,366
472,364
470,364
470,364
470,364
469,364
469,364
468,364
467,365
466,366
465,367
462,370
460,373
456,377
452,380
447,384
441,388
436,392
429,395
422,398
415,401
407,404
400,408
393,412
387,418
381,424
377,431
373,441
372,451
372,462
374,472
378,482
384,492
393,501
407,510
425,518
449,527
480,536
517,545
562,555
615,562
672,567
729,573
786,576
840,580
896,579
943,582
988,585
1033,593
1072,595
1112,600
1148,604
1181,606
1213,609
1241,612
1267,615
1291,618
1313,622
1332,624
1350,627
1365,629
1376,632
1386,635
1395,637
1400,641
1403,641
1406,644
1406,647
1403,649
1399,652
1392,654
1383,656
1373,659
1360,661
1345,664
1328,666
1308,668
1287,670
1262,671
1237,674
1208,676
1177,678
1144,680
1109,682
1070,684
1031,688
988,691
943,690
896,691
845,692
807,689
775,697
751,701
724,705
698,703
672,697
647,690
625,686
607,685
592,688
580,691
571,694
565,699
561,704
558,709
558,715
557,721
558,727
558,733
559,739
560,744
560,750
561,754
561,758
560,761
559,764
557,765
556,767
553,767
550,767
547,766
543,765
539,763
534,761
529,759
522,756
514,751
506,747
496,743
485,739
474,734
461,729
448,723
435,716
422,709
410,702
398,694
387,687
377,679
368,673
360,665
354,658
350,651
348,644
349,636
353,629
362,622
376,614
396,607
423,599
457,591
498,581
546,573
601,567
660,561
720,555
779,551
834,547
890,545
942,542
989,541
1034,528
1079,527
1120,524
1159,520
1194,516
1227,513
1259,508
1289,503
1314,501
1339,497
1361,493
1381,490
1398,487
1413,483
1426,479
1437,475
1446,471
1453,468
1457,464
1460,460
1460,457
1459,453
1456,450
1450,446
1442,442
1432,438
1421,433
1407,429
1390,425
1372,420
1351,415
1327,411
1303,406
1275,400
1246,396
1213,391
1179,386
1142,380
1103,376
1061,370
1018,365
971,360
920,354
871,350
820,344
780,338
746,333
714,328
682,325
651,323
622,321
594,320
568,320
545,322
524,326
504,329
486,332
471,336
457,340
446,345
437,349
428,352
419,356
410,359
401,362
392,365
383,369
374,373
367,377
360,381
354,385
350,389
346,392
342,397
340,402
337,408
335,414
333,421
331,426
330,432
328,438
326,442
325,446
323,449
322,452
321,455
321,458
320,461
321,465
321,468
322,472
324,476
327,481
333,485
340,489
351,492
366,496
386,501
412,504
444,510
486,515
534,524
592,534
655,541
721,546
784,552
843,557
911,562
967,565
1011,567
1061,577
1111,582
1156,586
1198,592
1238,597
1276,601
1310,606
1343,610
1373,614
1401,620
1427,623
1450,628
1471,632
1489,636
1506,640
1520,645
1532,649
1540,653
1549,658
1554,661
1557,664
1558,668
1557,672
1553,675
1548,680
1540,684
1530,689
1519,693
1504,697
1487,701
1468,706
1446,709
1422,714
1396,718
1368,722
1337,724
1303,730
1267,734
1228,738
1185,742
1142,745
1095,750
1044,755
992,758
945,760
909,772
883,783
856,793
830,798
803,802
777,801
752,796
728,791
705,787
683,784
663,783
644,781
627,780
611,780
596,779
582,779
569,778
558,776
547,773
538,768
529,763
522,760
515,756
507,752
499,748
493,744
487,740
482,736
476,731
472,728
466,724
461,720
455,716
449,712
442,707
435,702
427,698
419,693
411,689
403,684
396,680
388,675
381,669
375,665
370,660
366,656
365,652
367,649
372,646
383,644
398,639
421,635
449,630
484,625
526,618
577,610
635,604
694,599
753,593
811,589
868,585
925,581
980,576
1019,567
1066,563
1109,560
1149,555
1186,552
1222,547
1253,543
1283,537
1311,533
1337,529
1360,524
1381,519
1400,515
1416,510
1431,506
1442,501
1452,496
1460,491
1466,486
1469,483
1471,478
1470,474
1469,470
1464,466
1458,462
1449,457
1439,451
1426,446
1411,441
1395,436
1376,432
1355,427
1331,421
1306,416
1278,410
1249,406
1216,401
1182,395
1145,388
1107,384
1065,378
1023,374
979,366
928,358
881,353
828,349
792,341
765,335
739,327
712,324
683,323
655,323
627,324
602,325
579,324
559,326
539,326
523,327
509,327
497,326
485,324
475,323
467,321
460,321
453,320
447,318
442,317
438,317
434,317
432,317
430,317
428,317
427,319
426,320
425,321
425,323
424,324
424,326
423,330
421,333
421,337
419,342
417,346
415,351
412,357
408,362
405,367
400,372
395,378
390,383
384,390
379,397
373,405
369,414
367,423
365,434
364,444
364,455
365,466
367,477
371,488
376,499
386,509
398,518
416,527
439,536
470,544
509,555
554,565
609,574
665,580
723,585
780,587
835,588
886,591
939,586
984,591
1029,595
1070,597
1110,599
1145,601
1180,602
1210,605
1239,605
1267,606
1291,608
1313,610
1333,612
1351,613
1366,614
1379,616
1390,616
1399,618
1405,619
1409,620
1411,620
1412,622
1410,623
1407,623
1401,624
1393,624
1384,626
1372,627
1358,628
1342,629
1323,630
1303,629
1279,629
1254,630
1228,631
1199,632
1168,633
1133,633
1099,632
1061,635
1020,635
976,636
933,635
885,634
833,635
793,632
762,636
734,638
706,634
679,630
653,627
629,629
609,632
592,639
577,646
565,654
553,662
543,670
534,677
526,685
520,691
515,696
511,699
509,702
507,704
506,705
506,705
506,704
508,703
508,701
509,699
509,697
509,695
508,691
506,687
504,683
502,678
499,674
496,669
491,664
486,658
479,652
472,645
464,639
456,631
448,625
438,618
430,612
421,607
414,601
406,595
399,589
392,583
385,577
379,571
373,566
368,560
366,555
366,549
370,543
380,535
394,527
415,518
443,509
477,499
519,490
567,484
619,480
674,478
730,476
786,475
840,475
890,475
939,474
985,474
1028,475
1068,473
1106,473
1142,474
1175,473
1205,473
1234,472
1259,472
1283,472
1306,471
1325,469
1342,469
1357,470
1370,469
1379,468
1388,468
1394,466
1399,466
1402,466
1402,465
1401,465
1397,463
1392,463
1384,461
1375,461
1363,460
1350,459
1335,457
1317,456
1297,456
1275,454
1251,454
1225,454
1197,453
1167,451
1134,450
1100,449
1062,448
1023,446
981,445
938,444
893,442
843,440
793,440
739,438
710,433
683,434
657,434
633,435
610,435
587,434
564,432
544,429
526,425
510,422
494,419
481,417
469,413
458,412
448,410
440,408
432,407
425,406
418,404
413,403
409,403
406,404
403,405
402,407
400,409
398,412
396,414
394,416
392,418
390,420
389,422
387,423
385,425
384,426
382,427
380,429
379,430
377,431
375,432
374,433
371,435
369,437
366,438
363,440
359,441
356,443
353,445
350,447
348,450
346,454
345,458
344,462
344,467
345,473
346,479
348,486
352,494
357,502
364,512
374,521
388,531
408,541
434,553
468,565
508,578
555,593
609,602
666,609
726,616
783,621
838,626
893,632
944,637
990,641
1035,646
1080,650
1118,657
1157,661
1191,666
1224,670
1254,676
1284,680
1308,685
1332,689
1354,694
1373,699
1389,704
1404,708
1416,712
1426,718
1433,723
1439,726
1442,730
1444,734
1444,738
1441,743
1437,747
1430,751
1420,755
1410,760
1397,763
1381,768
1364,773
1344,777
1321,781
1298,785
1271,789
1241,794
1210,798
1176,802
1141,804
1101,810
1061,814
1018,817
971,822
923,825
871,831
828,829
799,830
773,834
748,830
719,818
690,805
660,795
632,787
604,780
578,776
554,772
533,768
515,765
499,764
485,764
474,764
465,763
460,762
457,761
455,761
456,761
457,762
460,762
462,762
464,763
465,762
465,761
465,759
464,756
464,753
463,748
461,743
459,737
456,731
452,725
447,719
441,713
434,707
428,700
420,694
412,687
404,680
396,674
388,667
381,660
375,653
370,646
368,639
367,631
369,623
375,617
386,610
402,603
424,595
455,588
492,579
537,570
590,563
647,558
707,553
763,551
819,549
876,547
928,545
976,547
1017,538
1059,537
1101,535
1138,532
1173,530
1205,529
1236,526
1264,524
1291,521
1314,518
1335,516
1354,513
1370,511
1385,507
1398,504
1408,502
1416,501
1422,497
1426,495
1428,492
1428,490
1426,487
1422,484
1415,482
1407,479
1397,476
1385,473
1371,469
1355,467
1336,464
1314,460
1292,457
1266,453
1238,450
1209,448
1177,445
1142,440
1106,438
1068,435
1026,427
983,425
935,423
888,421
842,420
817,416
794,414
771,414
747,413
722,416
697,417
672,416
648,417
625,418
602,418
580,417
560,415
542,412
527,409
513,408
497,405
483,402
470,401
460,400
453,399
444,400
438,399
431,398
425,398
421,399
417,400
413,402
409,403
406,406
402,408
398,411
393,414
388,418
382,421
375,425
368,428
360,431
353,434
347,436
342,438
337,440
333,442
329,445
326,448
324,451
323,456
324,460
326,464
329,470
336,474
347,479
361,487
382,495
410,503
444,512
486,523
536,536
593,545
656,553
719,557
781,561
840,565
903,567
961,571
1003,570
1054,579
1102,583
1145,586
1188,590
1228,594
1263,598
1298,600
1329,604
1359,607
1385,610
1410,612
1433,616
1453,619
1471,622
1487,624
1501,627
1511,630
1521,632
1527,635
1532,637
1534,639
1534,642
1534,643
1529,646
1523,648
1516,651
1505,654
1493,656
1479,658
1462,660
1443,663
1421,666
1397,667
1371,669
1343,671
1313,673
1280,676
1243,678
1205,680
1166,682
1122,684
1078,686
1028,688
977,691
923,694
881,709
846,701
814,706
784,706
755,709
727,707
701,704
678,701
657,697
636,693
616,689
598,687
581,685
565,684
550,683
538,682
526,681
518,681
510,681
504,681
500,680
496,679
491,677
488,676
484,675
482,674
479,672
478,672
475,669
471,665
467,661
464,658
459,654
454,650
448,646
441,642
433,638
424,635
415,631
406,628
397,625
388,622
380,618
373,614
367,610
363,606
360,602
362,597
367,592
377,587
391,583
410,577
434,571
465,565
502,558
547,550
601,545
658,541
719,539
779,539
837,542
901,549
954,551
997,557
1043,554
1091,556
1133,560
1171,562
1208,567
1243,568
1274,570
1303,573
1330,573
1355,578
1377,580
1396,582
1414,583
1428,586
1441,588
1451,590
1460,593
1467,593
1471,595
1474,597
1474,598
1473,602
1469,602
1464,605
1455,606
1447,608
1435,609
1421,611
1405,613
1388,614
1368,616
1347,619
1322,620
1297,622
1269,624
1239,625
1208,628
1175,629
1139,630
1100,632
1060,634
1018,636
975,632
933,639
885,641
826,643
778,643
753,638
736,641
722,644
707,645
695,643
683,641
672,639
660,636
648,633
634,630
620,627
604,624
587,620
569,616
552,611
534,606
518,602
502,597
488,593
474,590
462,588
451,585
441,585
432,584
425,585
418,586
413,587
408,589
404,590
400,592
398,595
395,599
393,604
390,609
388,614
385,618
381,622
377,626
373,630
368,635
364,638
360,640
357,642
353,645
351,646
350,648
348,650
349,651
350,653
353,653
358,654
366,654
377,655
392,656
410,657
435,659
466,661
504,664
550,667
603,670
661,673
721,675
782,677
840,678
901,673
951,674
997,675
1045,679
1090,680
1133,680
1172,680
1208,680
1242,679
1276,679
1304,678
1331,679
1357,677
1380,676
1400,676
1419,676
1435,675
1449,675
1461,674
1471,674
1480,674
1486,674
1490,674
1492,674
1493,674
1491,674
1487,674
1482,674
1473,673
1463,673
1451,673
1437,673
1422,672
1403,671
1382,671
1360,669
1335,669
1308,669
1281,667
1248,667
1217,667
1180,665
1143,665
1104,665
1060,663
1018,663
971,663
922,663
873,661
819,662
760,662
716,660
685,659
659,656
635,653
614,652
597,650
584,649
574,650
567,652
562,657
557,663
554,671
551,677
550,685
549,692
548,698
547,702
545,706
543,709
541,712
539,712
536,712
534,711
531,710
527,706
524,704
520,700
515,696
510,693
505,688
498,683
492,679
485,675
477,669
469,663
459,658
448,653
437,648
426,643
415,638
405,633
396,628
387,623
379,618
372,613
368,609
366,604
369,599
377,594
392,589
413,582
443,575
478,567
520,559
568,555
619,551
672,549
725,547
778,546
827,546
876,547
926,547
971,546
1004,548
1041,545
1077,544
1109,545
1140,544
1168,544
1193,544
1216,544
1237,543
1255,543
1271,542
1285,543
1297,542
1306,541
1313,541
1318,541
1322,539
1323,540
1322,539
1319,538
1314,538
1307,537
1298,537
1287,535
1273,535
1257,534
1239,532
1220,531
1197,531
1172,530
1146,529
1117,528
1086,527
1052,525
1018,525
978,526
939,524
893,520
848,520
802,519
749,518
705,520
675,524
646,528
616,529
591,528
569,525
550,522
534,517
519,512
506,502
495,494
486,484
478,476
472,468
466,460
460,453
456,445
454,438
451,433
450,429
449,425
447,421
446,419
444,417
443,415
443,414
441,414
439,415
438,415
436,416
434,417
432,419
429,422
426,424
423,427
419,430
414,434
410,437
405,440
400,443
395,447
389,450
383,454
378,458
372,461
368,465
364,469
360,473
357,477
355,480
355,482
358,485
364,486
377,488
396,492
424,496
460,503
503,511
554,521
611,527
672,532
732,536
793,540
847,544
911,550
963,552
1004,554
1054,560
1100,563
1142,566
1182,571
1220,574
1256,578
1290,582
1320,584
1349,589
1374,593
1399,596
1421,599
1441,602
1457,606
1473,609
1486,613
1496,616
1504,618
1510,621
1513,623
1516,626
1516,629
1513,632
1508,635
1502,638
1492,641
1481,645
1467,648
1450,651
1431,653
1410,657
1385,659
1359,661
1331,663
1299,667
1265,669
1229,672
1187,674
1145,676
1100,679
1050,683
1007,686
978,688
962,691
940,719
919,719
896,718
869,715
843,710
812,705
783,700
752,698
720,697
690,698
661,701
632,705
603,710
575,717
553,723
534,730
518,734
505,737
495,743
489,747
485,750
483,753
481,754
480,755
478,756
476,757
473,757
471,757
467,756
464,754
460,751
456,747
451,743
446,739
439,734
433,729
425,724
417,718
409,714
400,708
392,703
384,698
376,692
371,687
366,680
362,674
360,668
360,662
361,656
365,651
372,646
384,640
402,635
428,629
461,624
501,616
548,609
601,605
657,602
715,600
771,599
825,600
882,600
932,601
981,601
1016,602
1058,602
1100,602
1134,603
1168,603
1198,603
1226,603
1253,604
1276,604
1297,604
1316,605
1334,606
1348,606
1361,607
1370,607
1378,607
1384,607
1388,607
1389,608
1389,609
1388,609
1383,610
1377,609
1369,610
1360,611
1348,610
1334,612
1319,612
1301,612
1281,612
1259,613
1236,612
1209,612
1182,612
1152,613
1119,611
1085,611
1048,612
1009,611
974,610
930,610
886,609
834,608
799,599
779,597
766,596
756,595
748,595
742,591
736,586
730,582
725,576
717,570
706,562
693,555
677,548
659,542
639,536
618,530
595,524
572,519
550,514
528,510
506,507
485,502
466,498
449,495
434,493
420,493
407,492
395,491
385,488
376,487
369,486
362,487
356,488
351,490
346,492
342,494
338,497
336,501
333,504
331,508
329,512
327,515
325,519
324,523
323,527
323,530
325,535
329,539
335,545
343,551
355,557
372,564
395,572
422,581
457,591
