#x_position,y_position
491,609
491,609
479,608
470,605
466,603
467,598
475,591
489,582
511,571
543,559
583,546
633,535
680,526
731,526
791,518
879,507
917,503
975,496
1019,491
1065,485
1122,477
1164,474
1206,468
1244,462
1282,456
1316,451
1348,446
1380,440
1409,434
1437,429
1459,423
1482,417
1502,412
1521,407
1536,403
1550,397
1562,392
1572,386
1581,382
1586,377
1591,371
1593,367
1593,361
1590,356
1588,350
1582,346
1575,341
1566,335
1555,330
1540,324
1525,319
1508,314
1489,310
1468,304
1445,298
1417,293
1390,289
1361,283
1330,278
1296,272
1261,268
1220,262
1181,256
1137,251
1097,246
1047,239
999,234
944,228
902,226
876,226
859,226
844,225
826,225
806,230
788,233
769,239
749,246
731,253
711,260
689,269
667,277
643,283
622,291
604,298
584,307
565,315
548,322
532,330
517,338
503,345
493,352
485,361
480,368
482,374
489,381
508,387
533,393
569,398
615,404
670,406
718,399
772,409
885,415
915,423
960,426
1015,430
1069,432
1119,443
1165,451
1209,456
1252,461
1292,467
1330,473
1367,477
1398,481
1431,487
1459,494
1485,498
1510,503
1531,509
1551,514
1569,519
1583,525
1596,530
1607,536
1617,541
1624,546
1628,552
1631,557
1632,562
1630,568
1627,572
1621,578
1614,583
1604,588
1594,593
1580,599
1564,604
1546,611
1525,616
1502,622
1477,628
1450,634
1422,639
1391,644
1356,651
1321,657
1281,662
1245,668
1198,676
1154,681
1108,687
1059,694
1004,701
954,709
918,723
896,717
874,716
854,717
828,714
800,707
772,701
738,698
706,693
670,687
633,679
600,670
569,661
540,650
515,642
494,632
475,625
462,617
453,609
450,599
453,590
461,579
475,566
497,553
525,539
563,524
610,511
662,500
703,494
763,486
822,480
898,479
934,477
994,472
1032,467
1091,457
1131,460
1173,457
1210,453
1248,447
1283,444
1316,440
1345,436
1375,431
1400,428
1423,425
1447,421
1465,418
1483,414
1497,410
1511,406
1522,403
1531,400
1537,395
1541,393
1545,388
1545,384
1544,381
1542,378
1537,374
1530,371
1521,368
1510,364
1497,360
1481,355
1466,353
1446,348
1425,345
1401,341
1377,338
1348,335
1321,331
1287,326
1255,322
1218,319
1182,315
1143,312
1102,309
1055,305
1007,302
958,298
908,294
864,290
847,289
822,295
805,293
790,295
772,298
753,301
733,305
711,306
689,313
669,316
650,322
631,328
614,332
596,336
579,339
562,342
545,345
529,350
514,355
499,361
486,366
477,372
470,379
470,385
475,391
487,398
508,404
539,410
579,418
631,423
683,424
732,420
793,427
885,432
920,432
984,436
1030,435
1086,436
1128,443
1174,446
1218,449
1256,452
1297,453
1331,456
1367,458
1397,461
1426,463
1453,465
1478,468
1502,471
1522,473
1539,475
1556,478
1569,481
1580,483
1592,485
1599,487
1605,490
1608,492
1609,494
1609,496
1607,499
1602,502
1596,505
1588,507
1579,508
1566,511
1552,514
1536,516
1517,518
1497,521
1475,523
1452,527
1424,528
1395,532
1366,533
1331,537
1300,538
1260,542
1220,544
1181,548
1136,550
1092,552
1049,553
996,557
940,561
894,565
858,571
838,575
821,575
802,573
785,569
764,565
744,562
718,562
691,562
663,562
631,564
600,567
569,568
540,571
514,572
494,573
476,572
463,569
450,566
444,561
445,554
451,543
467,528
491,513
523,497
563,482
614,469
665,459
704,453
804,450
880,441
908,433
956,428
1011,423
1069,410
1119,411
1163,405
1208,399
1254,394
1295,387
1334,383
1370,377
1404,370
1436,364
1468,359
1495,354
1520,347
1545,341
1568,334
1586,330
1604,323
1619,317
1633,311
1645,305
1654,299
1661,293
1665,287
1667,281
1668,275
1666,269
1663,263
1659,256
1651,251
1641,244
1628,238
1613,231
1596,224
1578,218
1556,212
1532,206
1507,199
1477,191
1447,183
1411,177
1378,172
1338,162
1296,157
1250,149
1202,143
1155,136
1115,126
1083,132
1051,148
1021,147
993,148
966,149
937,154
906,160
868,171
834,185
797,198
763,212
724,227
686,243
646,259
610,277
578,293
546,309
521,324
498,336
483,348
471,359
469,370
475,381
491,390
515,399
550,407
594,414
652,418
699,420
756,413
812,424
907,435
948,439
1003,442
1060,439
1110,450
1157,456
1203,461
1248,465
1291,471
1329,477
1368,482
1401,485
1435,492
1465,497
1492,501
1516,506
1539,510
1561,514
1578,520
1595,526
1609,529
1620,534
1630,540
1638,544
1643,549
1646,554
1647,559
1645,563
1642,569
1637,573
1629,578
1619,584
1608,588
1594,593
1578,598
1559,603
1538,609
1516,613
1491,619
1463,624
1433,630
1402,636
1368,640
1330,647
1290,652
1252,658
1205,662
1159,667
1110,673
1059,680
1007,683
951,715
920,696
879,692
852,684
821,653
784,666
733,653
691,642
654,635
617,628
582,625
549,620
520,615
495,611
474,606
458,602
446,598
439,592
438,585
443,577
455,567
477,556
506,543
545,532
596,522
653,512
687,503
781,521
811,481
893,483
933,480
992,470
1036,462
1097,451
1139,451
1185,444
1227,437
1267,429
1307,423
1341,417
1376,408
1407,403
1437,395
1465,389
1489,382
1512,377
1533,370
1552,363
1569,355
1584,349
1596,342
1606,335
1615,329
1621,322
1626,316
1628,308
1629,302
1627,295
1624,288
1618,282
1611,274
1600,268
1588,260
1573,253
1558,247
1539,240
1519,234
1496,226
1471,218
1444,211
1411,205
1383,198
1348,189
1313,181
1274,175
1230,167
1187,160
1140,153
1091,142
1042,136
991,131
954,140
929,141
902,141
870,147
840,147
803,157
767,163
732,170
698,169
663,180
629,191
590,203
562,216
539,233
522,251
510,270
505,287
509,304
522,319
548,334
584,347
634,360
688,364
740,360
793,358
890,392
926,394
974,395
1025,402
1080,404
1127,417
1171,426
1213,433
1255,440
1295,446
1330,454
1366,460
1396,467
1423,474
1452,481
1475,486
1497,493
1517,499
1535,507
1550,512
1563,519
1575,526
1583,533
1590,539
1594,546
1596,552
1596,559
1596,565
1592,570
1586,578
1578,584
1568,590
1554,598
1540,605
1523,612
1504,618
1484,624
1461,631
1435,637
1407,645
1381,652
1346,660
1315,667
1278,673
1241,680
1198,687
1156,696
1113,701
1061,709
1014,717
963,725
913,731
865,722
848,728
827,728
804,726
782,727
756,723
730,717
700,710
668,700
636,690
604,678
578,670
553,661
531,649
512,637
496,626
484,613
476,600
475,585
481,571
495,558
516,544
546,529
587,517
637,505
682,495
721,487
813,467
884,474
919,466
978,463
1023,456
1082,441
1128,442
1177,438
1218,432
1261,425
1302,418
1338,411
1373,407
1405,401
1436,394
1464,388
1490,382
1514,377
1535,371
1555,364
1573,358
1587,354
1601,348
1612,342
1621,337
1627,330
1633,325
1635,319
1636,313
1635,307
1632,302
1627,297
1619,291
1612,284
1600,279
1588,273
1573,268
1555,262
1536,257
1516,251
1492,244
1465,239
1437,233
1408,227
1377,222
1342,215
1307,210
1268,204
1228,197
1187,191
1144,187
1095,179
1049,174
994,166
945,166
919,163
896,163
869,178
846,182
821,188
796,195
767,205
737,213
710,223
679,233
648,245
612,260
584,272
559,284
538,296
519,307
503,318
491,327
484,336
484,343
490,351
505,358
528,365
560,371
606,378
662,384
721,371
783,374
863,380
907,399
946,400
1004,405
1057,410
1104,413
1149,418
1193,421
1237,426
1276,430
1313,436
1344,440
1379,444
1408,449
1437,453
1461,458
1484,461
1505,466
1523,468
1538,472
1552,475
1564,480
1574,484
1582,488
1588,491
1591,495
1592,499
1592,502
1590,506
1586,510
1579,514
1571,518
1560,523
1548,527
1534,531
1517,534
1499,540
1479,544
1456,549
1433,554
1408,558
1379,561
1348,566
1318,569
1283,576
1247,579
1208,583
1167,589
1126,593
1081,599
1034,602
986,608
932,613
892,615
865,617
848,618
829,619
811,618
788,617
762,615
734,617
704,618
665,620
632,622
598,624
567,625
539,624
512,622
491,618
473,614
459,609
451,600
452,590
458,578
472,563
492,546
522,528
557,512
605,493
657,479
692,459
752,459
815,443
897,441
938,434
998,428
1053,416
1103,411
1150,404
1197,394
1241,387
1282,380
1324,372
1359,363
1394,355
1430,345
1461,340
1487,331
1514,322
1540,314
1562,306
1582,298
1602,290
1619,282
1633,274
1646,266
1656,257
1663,250
1668,242
1673,234
1675,226
1675,217
1674,209
1668,202
1662,193
1654,184
1645,177
1633,169
1617,159
1600,151
1582,142
1561,133
1536,126
1512,118
1485,109
1454,99
1420,91
1388,83
1348,74
1310,62
1266,55
1219,45
1177,36
1128,27
1081,28
1055,22
1029,22
1002,25
978,27
949,35
923,43
894,55
862,68
832,84
794,101
760,116
725,132
691,152
649,173
615,196
583,219
554,244
528,267
504,289
486,308
472,325
463,340
460,352
466,363
479,373
499,383
529,393
569,402
618,409
675,411
725,417
786,418
889,429
917,432
970,438
1018,443
1072,443
1127,454
1170,461
1213,467
1254,473
1297,479
1331,485
1369,490
1399,496
1430,503
1458,509
1482,513
1506,521
1527,524
1544,530
1561,536
1576,542
1587,547
1596,553
1603,558
1608,563
1612,569
1613,574
1612,579
1610,584
1605,590
1598,596
1589,601
1579,606
1566,612
1550,618
1531,624
1512,628
1490,635
1466,641
1440,646
1413,653
1381,658
1345,664
1314,670
1276,675
1237,681
1195,687
1149,695
1106,699
1056,706
1003,716
952,720
903,720
870,725
847,731
823,733
797,728
770,723
741,714
709,707
679,702
647,692
619,684
591,674
565,667
543,658
522,652
503,646
488,640
475,634
467,628
461,622
459,614
463,605
473,594
491,582
516,569
549,554
593,541
645,531
687,519
747,510
804,507
884,502
920,497
980,491
1024,483
1073,476
1126,469
1165,465
1207,458
1245,451
1283,444
1319,439
1349,433
1380,427
1409,420
1435,414
1458,409
1479,402
1499,396
1516,391
1533,385
1545,379
1556,373
1564,367
1572,361
1578,355
1581,349
1583,344
1582,338
1579,332
1575,325
1568,321
1560,314
1550,309
1538,303
1523,297
1507,291
1488,285
1469,279
1446,273
1422,268
1395,261
1368,256
1335,249
1302,244
1267,238
1231,231
1191,224
1151,218
1109,213
1063,209
1016,200
968,196
916,190
865,188
837,192
817,192
799,195
779,200
756,208
731,218
706,225
678,234
648,242
618,253
592,262
568,271
544,279
524,286
506,294
491,301
480,309
472,316
468,325
473,336
483,346
501,356
528,368
565,377
615,386
669,391
715,394
764,385
880,406
910,409
952,413
1007,417
1058,414
1112,425
1152,433
1197,439
1238,443
1279,447
1315,453
1348,457
1383,462
1411,466
1439,470
1465,474
1487,479
1508,483
1527,487
1542,491
1557,496
1569,501
1578,505
1585,509
1591,514
1595,517
1597,521
1596,526
1593,531
1588,535
1581,540
1573,544
1561,550
1549,555
1533,560
1518,563
1497,569
1475,573
1452,579
1428,586
1401,591
1373,595
1341,601
1308,606
1272,610
1234,617
1194,621
1151,625
1109,631
1058,637
1011,642
958,649
910,651
852,656
810,659
782,661
752,662
725,662
696,663
665,661
633,660
601,659
570,654
543,648
517,640
496,633
478,626
464,618
454,610
450,600
454,589
463,575
481,560
506,545
539,529
582,514
635,501
682,491
736,480
802,475
880,473
913,467
979,458
1019,452
1076,439
1122,440
1166,436
1207,430
1248,423
1285,418
1321,411
1356,404
1388,399
1418,393
1445,385
1469,380
1493,374
1513,370
1532,363
1549,356
1564,349
1577,343
1587,337
1595,331
1602,325
1606,319
1608,312
1609,307
1607,301
1603,294
1598,288
1591,282
1581,274
1568,269
1554,263
1538,257
1520,251
1501,245
1477,237
1452,232
1424,224
1394,219
1365,213
1329,205
1293,199
1254,194
1213,185
1172,179
1122,173
1076,167
1026,160
974,157
939,154
914,152
892,151
866,149
841,150
813,154
784,161
757,165
727,172
698,181
670,188
640,195
612,206
587,218
564,231
541,244
523,259
505,276
491,292
480,308
475,323
478,336
493,348
516,358
549,367
594,376
651,382
706,375
760,387
819,387
898,402
932,403
996,413
1050,416
1100,424
1145,433
1188,440
1232,448
1273,454
1310,461
1345,467
1381,475
1410,479
1441,487
1467,495
1491,501
1515,507
1534,513
1554,519
1570,527
1583,533
1595,538
1604,545
1611,551
1617,557
1620,564
1622,570
1621,577
1618,583
1613,589
1606,596
1597,603
1586,609
1573,616
1557,623
1539,631
1521,636
1498,643
1472,651
1447,657
1417,665
1386,671
1350,679
1318,685
1277,694
1237,700
1194,708
1147,718
1103,724
1051,732
994,740
942,746
901,750
875,743
853,740
832,740
809,741
781,739
749,733
720,725
684,713
651,703
617,692
583,679
552,667
525,653
502,639
482,626
465,611
456,597
454,584
459,570
471,558
492,544
520,529
557,515
607,501
658,490
700,485
758,473
818,462
898,463
937,461
999,450
1040,444
1100,434
1143,433
1189,428
1231,422
1269,416
1309,409
1342,403
1376,399
1406,393
1435,387
1461,381
1484,375
1506,370
1526,364
1544,358
1559,353
1573,346
1583,341
1593,335
1601,330
1606,323
1608,318
1609,312
1609,306
1606,301
1601,295
1594,289
1584,283
1574,277
1561,272
1545,266
1529,260
1510,254
1488,248
1463,242
1436,237
1408,229
1379,223
1344,218
1310,212
1273,206
1232,198
1189,193
1145,187
1100,181
1053,174
996,168
943,161
895,157
853,158
827,156
800,158
776,160
746,164
718,171
686,179
656,187
627,198
601,210
574,222
551,235
529,248
509,261
492,276
478,288
467,299
458,311
455,323
456,334
464,345
478,355
503,365
535,376
578,386
630,396
677,401
735,407
790,407
882,417
916,420
973,421
1016,427
1069,425
1120,436
1160,444
1203,447
1244,452
1282,455
1317,460
1349,465
1382,469
1408,473
1435,477
1458,483
1480,487
1499,491
1515,497
1532,501
1544,506
1554,510
1562,515
1570,520
1573,525
1576,530
1576,535
1574,540
1571,544
1564,548
1556,554
1546,559
1534,563
1520,569
1504,573
1484,578
1463,583
1441,588
1415,593
1388,598
1359,604
1327,609
1292,614
1257,619
1217,624
1178,629
1133,633
1091,639
1041,645
990,651
939,655
885,659
830,663
791,657
765,663
743,668
718,676
691,671
667,664
643,659
619,650
593,642
569,636
545,630
523,623
501,616
483,608
468,602
455,596
447,591
442,584
441,574
447,563
460,549
481,536
509,521
545,510
592,498
648,489
686,484
744,476
807,472
881,472
917,469
975,464
1016,459
1061,457
1116,449
1155,448
1192,444
1231,439
1264,434
1300,431
1328,427
1357,423
1385,419
1408,416
1430,412
1450,409
1468,404
1482,401
1497,397
1507,393
1517,389
1524,386
1529,382
1532,379
1533,374
1532,371
1530,367
1525,364
1519,360
1510,356
1500,353
1487,348
1472,345
1454,341
1436,337
1414,333
1391,330
1367,326
1339,323
1310,319
1276,314
1243,312
1205,307
1169,304
1127,301
1084,298
1039,293
995,290
942,286
892,282
843,279
805,285
782,286
762,288
741,292
722,297
700,304
676,310
653,320
631,328
611,337
590,346
569,354
549,358
529,364
511,367
496,372
483,376
471,381
462,386
457,392
456,397
461,402
472,409
493,417
521,423
558,431
604,438
663,442
702,445
770,459
883,449
911,450
972,451
1020,451
1081,452
1133,462
1185,465
1230,469
1278,471
1322,476
1365,479
1404,481
1440,485
1474,488
1507,491
1537,495
1566,498
1591,503
1614,505
1636,509
1655,512
1672,515
1687,519
1699,523
1710,526
1719,530
1726,533
1730,537
1732,540
1732,544
1730,547
1726,551
1720,555
1711,559
1701,562
1689,566
1675,570
1658,573
1638,577
1618,581
1594,585
1569,588
1539,593
1511,598
1475,602
1442,605
1404,610
1364,613
1322,618
1275,622
1229,627
1178,632
1126,636
1064,641
1015,644
974,644
948,636
912,621
891,628
860,637
825,630
800,639
732,608
702,612
671,612
633,613
599,615
567,614
539,613
516,612
496,612
479,610
467,606
461,602
462,597
471,589
487,580
510,568
542,557
586,545
639,536
678,533
774,539
798,504
884,509
921,505
976,498
1016,492
1067,484
1125,476
1164,471
1206,465
1247,460
1285,452
1321,446
1353,440
1383,435
1413,428
1438,423
1464,417
1485,410
1506,403
1523,398
1539,392
1552,387
1565,380
1574,374
1582,368
1588,362
1591,357
1594,351
1593,344
1591,339
1587,333
1580,327
1572,321
1561,315
1549,309
1536,303
1519,298
1501,291
1479,285
1457,279
1432,274
1405,267
1377,261
1343,254
1310,250
1275,242
1238,237
1194,230
1153,225
1108,218
1062,213
1011,207
960,201
910,195
856,192
819,194
793,195
768,193
741,197
714,201
683,208
656,214
626,222
598,232
575,242
554,253
533,265
514,277
496,289
480,300
467,312
458,323
454,333
455,343
461,352
474,359
495,366
525,374
566,381
618,387
675,389
737,378
789,390
890,404
923,410
982,411
1034,416
1087,418
1132,426
1181,435
1228,441
1269,445
1310,452
1346,459
1383,465
1416,469
1447,476
1474,481
1501,486
1523,490
1544,495
1563,501
1579,507
1595,511
1607,518
1616,522
1624,528
1630,532
1634,539
1635,543
1635,548
1632,553
1628,558
1622,563
1613,568
1603,573
1590,579
1575,583
1559,588
1539,595
1519,601
1495,606
1470,611
1443,617
1412,623
1383,628
1347,635
1313,640
1273,646
1235,653
1192,658
1145,664
1102,669
1051,675
998,681
946,687
886,695
845,692
800,684
781,694
753,695
724,696
693,691
662,686
629,680
591,674
557,666
528,657
501,647
477,635
456,622
440,608
429,595
423,581
424,564
