#x_position,y_position
1288,581
1288,581
1321,580
1354,578
1383,577
1412,575
1438,574
1460,573
1481,571
1498,570
1515,568
1529,567
1541,564
1550,564
1558,562
1561,559
1565,558
1567,556
1566,554
1563,553
1559,551
1551,549
1544,548
1532,547
1518,544
1505,543
1487,540
1468,538
1447,535
1425,536
1399,534
1372,531
1344,530
1313,527
1280,526
1245,522
1208,521
1168,517
1129,516
1084,514
1040,511
989,509
941,507
893,506
855,502
840,499
827,494
812,488
799,483
780,479
765,475
747,472
729,470
705,465
677,459
646,451
618,445
590,441
560,439
532,439
504,439
477,440
454,444
436,451
425,459
419,468
421,478
428,489
444,502
466,517
496,528
533,541
582,555
654,560
695,572
767,579
853,575
875,581
928,584
977,590
1025,592
1077,597
1128,604
1168,607
1213,613
1252,618
1290,622
1325,627
1360,631
1390,637
1418,640
1445,646
1470,651
1492,656
1512,660
1529,665
1544,669
1557,675
1569,679
1577,685
1584,689
1588,695
1591,701
1590,704
1588,709
1585,715
1576,721
1568,725
1555,729
1542,734
1525,739
1505,744
1483,750
1459,754
1432,759
1403,764
1370,771
1334,776
1296,781
1257,787
1213,792
1166,797
1126,815
1084,782
1065,784
1040,784
1026,783
1001,781
980,780
952,780
942,775
922,773
903,769
893,797
866,795
837,773
812,773
783,776
750,771
720,768
690,764
660,762
633,758
605,753
580,748
553,743
531,736
510,727
490,718
474,710
459,702
448,694
441,685
437,677
437,669
441,660
451,650
467,640
490,629
520,614
561,600
623,585
686,582
734,572
808,565
875,556
932,557
976,561
1029,552
1085,550
1145,538
1185,536
1233,532
1277,527
1318,521
1358,516
1393,511
1428,508
1459,502
1489,497
1514,492
1540,487
1561,482
1582,478
1599,472
1615,468
1628,463
1639,458
1648,452
1655,448
1659,443
1662,438
1662,433
1660,427
1658,422
1651,417
1644,411
1633,406
1622,400
1608,396
1592,390
1574,385
1553,378
1530,374
1505,367
1478,362
1449,357
1417,351
1382,343
1348,338
1308,334
1269,327
1225,320
1179,314
1132,308
1083,302
1028,296
974,291
914,283
876,279
855,275
0,0
0,0
812,284
791,284
767,283
743,286
716,290
694,291
665,291
637,296
606,304
579,311
553,321
531,330
511,342
495,354
484,369
479,385
481,400
493,415
512,429
541,441
584,466
644,481
688,483
761,492
817,501
878,494
926,501
977,504
1028,514
1084,520
1140,523
1182,530
1227,537
1271,541
1310,547
1348,553
1383,558
1417,563
1447,568
1475,573
1501,578
1525,585
1546,591
1564,596
1582,600
1596,605
1609,611
1620,616
1628,621
1633,626
1638,632
1640,637
1640,643
1637,648
1632,652
1625,658
1616,663
1605,668
1592,673
1577,677
1559,684
1540,688
1515,694
1492,698
1464,703
1434,709
1403,715
1368,719
1333,725
1293,729
1252,735
1207,741
1160,745
1111,751
1060,755
1006,763
947,767
897,768
868,772
853,781
820,778
800,774
777,773
752,769
725,765
695,760
668,754
641,748
613,739
587,730
563,718
540,707
519,699
502,691
489,681
477,671
472,659
474,648
483,637
501,627
526,618
560,605
611,591
668,591
724,580
802,571
865,564
925,570
965,570
1007,569
1056,565
1109,562
1158,557
1204,554
1247,550
1289,547
1327,544
1363,540
1397,536
1428,534
1458,530
1485,527
1509,522
1532,519
1551,516
1570,514
1585,509
1598,506
1609,502
1618,498
1625,496
1630,492
1632,488
1633,484
1631,482
1628,478
1623,474
1616,470
1606,467
1594,464
1579,459
1563,456
1544,452
1525,448
1503,444
1479,440
1451,436
1422,432
1389,427
1356,424
1320,418
1282,416
1242,411
1199,407
1154,402
1107,398
1057,393
1003,388
950,385
893,379
835,377
798,369
776,373
751,372
727,375
699,377
0,0
0,0
606,383
578,387
551,389
526,394
505,403
490,411
481,422
478,433
484,445
497,458
520,473
553,487
594,502
654,513
0,0
770,532
856,531
892,531
934,535
987,540
1035,543
1091,545
1148,549
1189,554
1233,557
1277,563
1316,566
1354,569
1388,573
1423,577
1453,581
1481,585
1506,588
1528,592
1549,596
1569,599
1586,604
1600,606
1612,611
1622,615
1630,617
1636,621
1639,625
1641,628
1640,632
1637,635
1632,638
1625,641
1615,644
1604,648
1591,651
1575,654
1557,658
1537,661
1514,664
1488,668
1461,671
1432,674
1398,678
1363,681
1325,685
1286,688
1245,691
1200,695
1152,699
1103,702
1052,706
993,710
939,712
880,714
849,735
828,739
805,743
787,741
766,738
744,737
724,734
699,730
675,723
649,707
622,701
596,694
571,686
547,680
525,675
504,670
489,663
477,655
470,646
468,636
473,626
485,616
504,605
532,592
572,573
627,569
680,555
0,0
810,541
875,536
935,533
970,540
1020,538
1073,537
1122,528
1171,526
1221,521
1264,517
1304,512
1344,508
1382,505
1416,499
1447,495
1477,490
1504,486
1528,481
1551,476
1572,472
1589,468
1606,463
1619,458
1631,453
1640,450
1647,446
1653,441
1656,437
1658,432
1657,428
1654,424
1648,419
1641,413
1631,409
1619,404
1606,400
1589,396
1572,390
1551,386
1529,381
1503,375
1478,370
1448,365
1415,360
1383,354
1346,349
1307,344
1266,337
1224,332
1176,326
1127,320
1076,316
1023,310
969,305
907,299
852,287
818,285
800,289
0,0
757,293
728,268
699,274
679,281
653,288
620,317
595,321
566,327
543,336
520,346
501,357
487,369
479,384
479,400
486,415
502,430
525,444
558,460
602,477
660,487
709,474
775,512
855,508
914,511
940,516
996,520
1046,524
1102,529
1154,533
1198,540
1243,544
1287,552
1325,557
1363,561
1397,566
1430,572
1459,577
1486,581
1513,587
1536,592
1557,597
1575,601
1590,605
1606,612
1618,617
1627,620
1634,624
1640,629
1643,633
1645,639
1644,643
1642,646
1637,650
1630,654
1621,658
1609,663
1596,667
1580,671
1563,675
1542,679
1521,683
1496,687
1470,692
1441,696
1410,700
1376,704
1341,709
1301,712
1262,717
1219,721
1173,724
1126,729
1077,733
1021,739
969,741
910,746
854,749
803,740
773,776
749,749
722,748
696,773
665,741
639,749
606,746
575,740
548,733
524,724
503,713
485,702
470,689
459,676
453,664
451,650
455,638
465,625
480,613
503,603
535,588
573,575
642,569
702,562
768,556
824,554
887,555
936,552
983,551
1032,547
1088,545
1146,542
1186,538
1233,538
1278,534
1318,533
1357,528
1392,525
1425,522
1457,520
1485,516
1511,514
1534,511
1556,507
1575,504
1593,502
1608,499
1621,495
1630,492
1639,488
1645,485
1650,483
1652,479
1652,475
1651,472
1647,469
1640,466
1633,461
1622,459
1610,455
1596,451
1579,448
1559,444
1538,441
1514,438
1489,435
1462,429
1432,425
1398,423
1363,418
1326,414
1288,410
1245,405
1200,402
1155,397
1104,393
1051,389
997,386
942,380
883,379
839,383
822,383
803,381
786,380
766,381
743,383
713,383
684,381
654,379
627,378
598,377
571,378
544,380
523,384
505,391
491,399
481,410
477,422
479,434
489,447
505,459
531,472
563,487
606,507
664,513
712,515
774,531
857,537
920,538
949,541
1007,547
1062,548
1116,550
1169,555
1223,561
1271,565
1315,570
1357,573
1396,578
1435,581
1469,587
1502,591
1531,594
1559,599
1586,602
1608,607
1630,610
1647,615
1663,619
1678,623
1690,627
1700,630
1708,634
1712,638
1714,641
1717,646
1717,648
1714,652
1709,655
1703,659
1692,663
1683,665
1670,668
1653,674
1637,675
1619,679
1594,682
1571,685
1544,689
1515,692
1485,696
1451,698
1416,702
1377,705
1339,709
1296,713
1251,716
1205,718
1154,722
1102,725
1050,730
991,731
934,733
873,737
811,738
788,743
754,773
747,745
707,768
682,764
658,756
637,722
610,716
582,711
557,702
535,691
514,682
498,673
487,664
481,654
482,644
489,633
502,621
525,612
553,600
597,587
649,585
712,574
0,0
836,566
896,568
961,560
983,560
1029,563
1082,561
1136,560
1175,554
1221,554
1260,552
1297,549
1333,546
1366,544
1396,541
1426,539
1451,536
1475,535
1497,532
1516,530
1534,527
1548,526
1561,523
1574,521
1582,518
1588,515
1591,513
1592,511
1592,508
1589,506
1584,503
1579,501
1570,500
1559,496
1548,493
1533,490
1516,488
1499,485
1479,483
1453,480
1429,476
1403,473
1373,470
1343,467
1309,464
1274,461
1234,458
1194,455
1153,450
1107,446
1062,443
1012,440
958,437
905,436
854,432
820,439
801,413
791,415
779,415
769,415
752,415
738,416
715,411
695,412
668,413
642,398
617,393
591,392
565,389
538,388
512,388
489,390
467,394
449,398
435,405
428,414
427,426
432,440
442,453
459,466
483,478
515,495
562,510
619,523
678,528
753,533
792,558
861,549
910,551
947,557
1007,561
1053,563
1104,572
1152,575
1193,581
1236,585
1275,591
1311,595
1346,600
1378,605
1408,609
1434,613
1460,618
1485,624
1504,628
1521,633
1537,638
1551,642
1562,648
1573,651
1580,656
1584,660
1588,665
1587,669
1585,674
1581,679
1573,683
1565,688
1555,692
1542,698
1526,702
1508,708
1489,712
1466,717
1441,722
1414,726
1384,731
1351,736
1315,741
1280,746
1238,750
1197,755
1151,761
1102,767
1051,770
998,777
945,795
908,801
885,804
867,804
846,802
825,800
799,796
775,791
750,773
722,769
691,763
661,759
634,754
607,749
580,743
554,739
531,734
511,728
492,719
477,711
466,701
459,690
458,680
462,669
472,659
491,650
515,639
550,626
596,608
666,611
730,602
777,602
854,596
931,591
973,600
1014,588
1063,588
1116,589
1164,584
1214,582
1257,580
1297,577
1337,574
1372,572
1406,571
1437,568
1464,565
1490,563
1514,559
1536,558
1554,555
1572,552
1585,549
1598,547
1609,545
1615,542
1621,539
1625,537
1625,535
1626,532
1623,530
1619,527
1611,524
1603,521
1592,519
1579,517
1565,514
1548,511
1530,509
1509,505
1487,504
1462,500
1435,496
1406,495
1374,491
1341,488
1305,484
1269,482
1227,479
1185,478
1141,474
1094,472
1045,468
995,465
944,460
889,459
839,456
814,454
800,458
787,454
766,455
750,450
731,448
713,445
694,442
673,442
648,439
626,434
604,429
580,426
557,423
534,421
511,420
490,419
470,420
453,422
439,425
431,431
428,438
434,448
446,457
466,468
494,479
531,493
588,514
650,517
698,529
770,543
829,547
880,544
930,548
986,557
1033,560
1086,567
1142,573
1180,578
1226,584
1266,590
1303,596
1340,602
1374,607
1405,613
1434,619
1460,625
1486,631
1507,637
1526,642
1544,648
1559,653
1572,659
1582,664
1591,669
1597,675
1601,681
1602,687
1603,693
1600,699
1597,704
1590,709
1582,716
1571,722
1558,726
1542,732
1524,738
1504,744
1482,749
1458,756
1429,761
1400,766
1368,772
1334,778
1296,784
1258,790
1216,797
1171,802
1124,809
1075,814
1020,822
967,828
918,830
886,825
870,842
851,845
841,847
823,846
805,833
785,838
765,834
741,829
717,825
691,819
666,813
639,806
612,799
586,787
562,776
538,765
517,752
498,740
482,727
468,715
462,701
463,689
472,677
487,667
510,656
541,645
582,630
654,619
713,614
774,612
839,608
896,601
951,596
1002,595
1056,595
1110,594
1158,583
1209,583
1252,579
1295,575
1335,571
1372,568
1409,566
1441,561
1472,558
1499,555
1526,550
1550,548
1572,543
1592,540
1609,535
1623,532
1636,529
1648,524
1656,520
1662,516
1666,512
1669,508
1670,505
1669,501
1664,496
1659,492
1651,488
1641,484
1628,480
1614,475
1598,471
1579,466
1559,462
1535,458
1510,454
1482,450
1454,444
1422,440
1387,435
1351,431
1312,426
1272,420
1227,415
1180,411
1134,406
1082,401
1027,397
973,392
915,387
855,385
797,374
765,364
0,0
726,363
695,359
666,359
640,360
611,361
584,370
558,370
535,373
513,376
495,382
479,388
467,396
460,405
458,416
465,427
478,439
499,449
527,460
566,476
616,495
681,494
732,484
805,494
866,511
911,510
956,513
1016,519
1069,517
1124,520
1169,529
1218,532
1261,535
1301,540
1343,542
1377,546
1413,551
1446,553
1476,556
1502,560
1527,563
1550,567
1568,571
1587,574
1602,576
1615,579
1625,582
1634,585
1639,587
1644,589
1646,593
1646,595
1644,598
1640,600
1635,602
1626,605
1615,608
1602,610
1588,613
1571,616
1551,618
1530,620
1506,623
1481,624
1451,627
1421,630
1388,632
1354,636
1315,638
1276,640
1233,642
1190,645
1143,647
1093,647
1043,651
987,655
933,655
873,657
816,659
767,658
740,655
717,680
693,681
671,683
652,681
631,676
610,669
588,667
570,664
550,664
534,661
517,659
501,655
487,651
479,644
472,638
468,630
469,621
475,611
488,602
509,592
535,583
571,568
631,559
689,557
733,547
809,541
871,534
928,539
965,542
1015,538
1065,535
1114,533
1163,531
1205,528
1247,525
1285,522
1322,519
1356,514
1387,512
1416,509
1443,506
1468,504
1489,499
1508,497
1525,493
1541,490
1554,486
1565,484
1574,481
1580,478
1585,475
1588,471
1589,468
1587,465
1583,461
1577,458
1571,455
1560,451
1549,448
1535,444
1518,440
1501,437
1482,433
1459,429
1434,425
1409,422
1381,419
1350,415
1318,411
1284,407
1247,403
1209,398
1166,394
1123,391
1077,386
1027,381
979,378
927,374
875,369
838,363
826,362
816,359
799,362
779,362
769,365
750,362
731,361
708,359
684,355
658,354
631,351
605,351
578,355
552,353
527,354
503,355
481,359
462,364
447,372
439,381
435,392
438,403
446,416
461,427
483,438
515,453
562,472
621,486
682,487
752,498
807,503
868,502
918,505
964,509
1020,515
1076,523
1134,524
1177,530
1223,535
1266,541
1306,547
1348,549
1383,555
1418,559
1449,565
1479,569
1506,572
1532,578
1554,583
1574,588
1592,593
1607,596
1622,601
1634,605
1643,610
1650,614
1655,619
1657,623
1659,628
1657,632
1655,636
1649,641
1642,644
1631,649
1620,653
1605,658
1589,661
1569,666
1549,671
1526,674
1499,679
1472,684
1443,689
1409,693
1374,698
1337,702
1296,706
1254,711
1209,715
1161,719
1110,725
1060,728
1003,735
944,738
888,740
858,746
833,754
806,755
779,750
753,747
724,743
689,739
655,736
621,728
587,719
558,709
532,696
509,684
489,673
475,661
463,649
459,638
462,628
474,618
492,607
520,594
554,584
605,572
664,575
728,563
796,555
860,545
924,556
960,554
999,555
1047,554
1105,556
1153,550
1195,549
1238,547
1277,545
1315,543
1350,540
1382,537
1414,534
1442,533
1467,530
1490,528
1511,524
1529,523
1546,521
1559,518
1573,515
1582,512
1589,509
1595,507
1598,505
1599,502
1598,500
1594,497
1591,494
1584,491
1574,489
1563,486
1550,483
1534,479
1516,476
1497,474
1476,472
1451,468
1424,466
1396,463
1365,459
1333,455
1298,451
1260,448
1221,447
1178,442
1136,438
1088,436
1039,432
988,428
934,426
879,421
830,432
819,430
0,0
802,434
788,430
777,429
771,428
753,424
739,421
727,419
707,417
685,416
659,416
629,414
604,413
578,411
551,410
523,405
498,403
475,406
455,408
440,414
429,423
428,434
432,449
442,464
463,483
492,500
534,521
586,536
655,541
704,565
776,559
831,570
869,571
929,577
973,587
1024,593
1080,607
1126,608
1170,617
1213,624
1251,631
1290,640
1324,647
1358,654
1388,662
1416,668
1443,676
1466,684
1488,691
1507,698
1524,705
1537,713
1551,722
1560,728
1569,736
1575,742
1580,750
1579,756
1580,764
1578,771
1572,780
1565,787
1555,794
1543,802
1529,809
1512,817
1494,825
1472,832
1447,840
1420,847
1392,856
1360,864
1326,870
1288,880
1250,886
1207,894
1160,902
1113,912
1064,919
1010,929
963,942
939,950
915,954
894,951
870,947
845,943
817,935
798,924
765,910
737,895
708,878
678,864
646,850
612,834
582,815
555,799
530,782
510,767
497,752
491,740
492,730
502,720
520,711
548,703
582,695
622,688
698,674
754,669
818,665
872,664
938,651
984,641
1032,641
1088,644
1138,633
1183,627
1228,623
1273,617
1312,611
1350,606
1385,601
1418,595
1447,590
1476,585
1501,579
1525,575
1544,569
1561,563
1579,557
1592,553
1605,547
1612,542
1619,537
1625,530
1628,525
1628,520
1627,515
1623,509
1617,503
1608,497
1599,492
1587,486
1572,481
1553,475
1534,469
1512,463
1490,458
1462,451
1434,445
1404,440
1369,434
1333,427
1297,420
1254,415
1212,408
1166,403
1116,395
1069,387
1015,380
958,375
901,368
864,369
856,368
843,368
826,371
0,0
787,370
764,368
744,372
720,370
693,368
666,369
638,367
610,371
581,370
555,369
530,371
507,373
486,376
467,380
449,384
434,390
423,396
416,404
412,413
415,421
421,430
435,442
455,453
481,465
517,478
563,495
618,510
686,509
752,521
813,520
876,529
926,531
980,538
1035,545
1095,548
1152,556
1195,561
1242,568
1286,573
1325,580
1365,586
1402,591
1435,597
1467,602
1496,608
1523,614
1548,619
1568,625
1587,629
1606,636
1621,641
1635,647
1643,651
1653,658
1659,662
1663,667
1665,672
1665,678
1663,683
1659,687
1651,692
1643,699
1634,704
1620,709
1605,713
1586,719
1566,724
1545,729
1520,734
1494,739
1466,743
1433,749
1401,754
1365,758
1326,765
1286,769
1243,774
1197,780
1149,784
1096,790
1047,795
988,800
933,805
871,803
842,806
817,808
791,807
766,807
733,806
704,803
672,796
646,793
610,787
579,777
550,765
523,752
502,738
484,724
468,711
457,697
451,684
453,672
460,661
472,650
493,642
522,630
564,614
621,602
686,608
0,0
804,595
891,587
934,587
975,588
1021,589
1071,587
1123,587
1172,581
1219,579
1261,578
1301,574
1340,569
1374,567
1409,565
1439,563
1467,560
1493,557
1515,555
1537,552
1556,548
1572,546
1586,544
1598,540
1609,538
1617,535
1623,531
1626,528
1628,524
1627,523
1625,519
1620,516
1615,513
1605,510
1594,506
1582,503
1567,500
1548,498
1528,494
1508,490
1485,487
1458,483
1429,479
1398,478
1364,473
1330,470
1292,465
