#x_position,y_position
1560,513
1560,513
1574,519
1583,523
1593,529
1598,535
1603,541
1607,546
1609,551
1608,555
1606,562
1600,566
1592,571
1584,578
1573,582
1561,584
1546,589
1529,594
1512,598
1491,604
1468,609
1445,612
1417,616
1389,620
1359,625
1326,628
1293,632
1256,636
1219,640
1178,644
1136,650
1092,654
1046,659
1000,662
949,666
898,672
842,673
791,678
749,682
701,707
687,708
671,708
673,683
653,681
634,676
610,685
589,681
570,676
548,671
530,665
511,660
496,654
482,649
468,645
457,639
448,632
441,624
439,617
438,609
442,601
450,592
462,583
479,575
503,562
535,550
577,538
632,529
687,525
745,532
794,503
868,510
904,510
966,508
1016,507
1066,504
1113,501
1158,500
1200,496
1241,494
1277,491
1312,488
1344,487
1373,485
1402,481
1427,480
1450,478
1472,476
1490,472
1507,470
1520,467
1533,465
1543,462
1552,460
1559,459
1564,456
1567,454
1568,452
1567,449
1565,446
1559,442
1553,439
1545,437
1534,433
1521,430
1508,426
1491,424
1473,421
1451,418
1429,415
1405,412
1379,408
1348,407
1319,403
1289,400
1250,396
1215,393
1177,390
1136,387
1092,382
1047,380
1000,378
952,373
900,372
845,368
798,367
742,360
724,356
691,332
681,352
654,345
633,346
610,349
585,350
559,352
535,354
513,356
494,360
478,363
464,368
455,372
453,375
456,378
464,381
477,383
493,385
515,387
540,390
570,392
608,394
654,403
720,409
785,416
836,424
894,430
946,434
1006,446
1057,455
1108,455
1155,463
1202,470
1245,476
1283,482
1321,489
1358,495
1388,502
1419,509
1448,516
1475,522
1498,528
1518,534
1536,540
1553,546
1569,552
1581,557
1592,565
1602,569
1608,575
1612,582
1616,587
1617,593
1615,598
1612,604
1606,610
1598,615
1588,622
1577,626
1562,632
1548,636
1529,642
1509,648
1486,653
1461,659
1433,665
1404,670
1372,676
1339,681
1301,687
1264,693
1223,698
1180,704
1135,709
1087,713
1037,719
986,723
932,730
873,735
813,743
770,759
744,759
726,756
704,755
678,748
655,738
633,725
607,714
581,705
558,694
536,684
516,673
498,662
481,653
466,644
455,636
445,629
438,622
433,617
432,612
435,606
443,600
452,594
468,588
488,579
514,571
549,562
590,554
646,541
705,537
770,529
827,524
893,523
948,524
1003,517
1066,514
1119,512
1172,510
1221,505
1267,502
1310,500
1352,496
1390,493
1425,490
1460,488
1492,485
1519,482
1548,479
1573,476
1596,472
1617,469
1634,465
1650,462
1665,458
1677,455
1688,452
1694,448
1700,445
1705,442
1707,438
1706,435
1705,431
1700,428
1693,425
1686,421
1675,417
1663,414
1650,410
1632,406
1614,403
1594,398
1572,395
1547,391
1520,387
1491,383
1461,378
1428,373
1393,369
1356,365
1316,361
1276,358
1231,353
1185,348
1137,345
1086,339
1031,335
978,331
921,325
862,321
799,316
740,305
702,300
675,302
642,297
612,298
584,303
556,309
531,315
509,320
489,327
473,333
460,339
452,345
447,350
447,356
453,360
462,364
476,367
493,371
515,375
543,378
577,383
616,388
667,401
733,407
797,419
846,424
908,430
962,436
1020,447
1072,453
1122,458
1170,466
1216,472
1258,479
1298,484
1335,492
1369,499
1402,505
1432,512
1459,519
1485,526
1508,531
1527,535
1545,544
1562,549
1576,556
1588,562
1600,570
1609,574
1615,581
1619,586
1621,591
1619,597
1617,602
1613,607
1608,613
1600,619
1591,625
1578,631
1564,636
1550,641
1532,646
1511,651
1489,656
1466,663
1438,667
1411,671
1380,679
1347,683
1311,689
1276,693
1235,699
1197,705
1152,708
1107,714
1061,719
1011,724
961,730
907,738
851,741
791,745
733,747
690,732
664,748
638,751
613,750
586,745
562,741
542,733
523,724
506,712
493,702
480,692
469,683
460,675
452,667
447,658
444,650
445,641
449,633
455,625
465,616
480,608
500,599
527,590
562,580
612,566
668,558
725,550
785,545
860,538
901,537
966,532
1019,527
1073,523
1125,518
1173,515
1219,510
1263,506
1303,502
1343,498
1380,493
1413,488
1447,484
1477,480
1504,475
1529,471
1553,466
1575,462
1594,456
1611,451
1625,446
1637,443
1647,438
1654,433
1662,430
1668,425
1669,420
1670,415
1669,410
1665,405
1660,400
1653,395
1642,390
1630,385
1617,380
1601,375
1582,369
1562,363
1540,358
1515,351
1489,348
1460,342
1430,337
1396,330
1361,324
1321,320
1283,313
1239,306
1196,301
1149,295
1099,288
1047,283
991,276
937,268
875,263
819,254
784,245
755,241
727,244
701,243
678,246
654,253
628,262
603,271
579,284
558,296
538,308
520,321
503,333
488,343
476,351
466,358
463,362
464,367
471,370
483,373
500,376
524,378
554,380
591,385
633,391
705,399
767,409
823,409
886,417
941,421
1001,426
1057,434
1110,438
1162,443
1211,448
1256,453
1301,458
1343,464
1381,469
1416,474
1450,480
1481,484
1509,488
1535,493
1559,498
1582,504
1602,508
1620,512
1634,517
1647,522
1659,526
1669,529
1676,535
1683,539
1687,544
1687,548
1687,553
1685,556
1681,561
1676,566
1668,569
1657,573
1645,578
1631,582
1614,585
1596,590
1574,594
1552,598
1527,603
1498,606
1470,610
1438,614
1404,618
1368,623
1331,626
1292,630
1248,633
1204,637
1157,642
1108,646
1058,649
1002,654
946,657
889,662
827,662
767,664
712,665
660,671
621,679
591,680
568,680
547,674
525,669
506,664
488,657
474,649
461,642
451,633
443,625
438,618
436,611
436,604
439,597
445,590
454,583
469,574
489,565
517,555
553,545
598,533
662,521
717,518
781,513
856,508
898,507
964,505
1020,501
1074,494
1125,490
1175,486
1222,482
1268,477
1309,473
1350,469
1386,465
1421,460
1454,456
1485,453
1513,448
1538,444
1562,439
1584,436
1604,431
1623,426
1638,422
1652,417
1663,413
1674,408
1680,404
1685,400
1689,395
1690,390
1691,385
1688,379
1682,375
1676,370
1667,365
1657,360
1642,355
1628,351
1609,345
1589,340
1569,335
1544,328
1519,324
1491,319
1460,314
1428,307
1393,302
1357,296
1317,291
1276,285
1231,279
1187,272
1137,266
1087,260
1032,255
975,247
918,239
857,235
803,218
774,216
751,213
731,221
707,227
682,235
656,246
630,255
602,268
576,282
552,294
531,306
510,318
494,329
480,338
470,346
464,352
465,357
473,361
490,365
512,368
542,371
578,374
623,377
676,389
753,398
816,400
876,410
926,410
988,414
1044,421
1098,425
1152,431
1200,434
1247,440
1291,446
1331,451
1369,456
1407,460
1439,466
1472,470
1500,475
1525,479
1550,484
1572,487
1591,491
1609,496
1624,500
1638,504
1649,509
1659,512
1668,518
1673,522
1675,525
1675,528
1674,533
1672,537
1666,540
1660,544
1651,548
1639,552
1625,555
1611,559
1593,563
1573,566
1551,569
1527,572
1501,576
1473,579
1442,583
1410,587
1375,592
1338,596
1296,598
1255,601
1212,603
1164,607
1114,610
1065,617
1013,614
955,620
896,621
837,628
779,633
736,634
697,628
671,629
645,628
619,629
597,627
574,625
554,620
533,617
515,612
496,607
481,606
467,604
457,601
447,600
440,597
435,595
432,591
433,587
438,582
446,577
460,571
481,565
507,558
541,550
584,539
642,529
705,523
769,517
826,514
888,510
947,510
1002,503
1068,491
1118,496
1169,494
1222,489
1267,486
1311,482
1353,479
1392,475
1429,472
1464,467
1496,464
1525,461
1554,456
1578,453
1603,448
1623,446
1643,442
1659,439
1673,435
1686,431
1696,426
1706,422
1712,419
1717,415
1720,410
1721,406
1720,402
1717,398
1712,393
1705,389
1696,385
1684,380
1671,376
1655,372
1639,367
1619,363
1596,358
1572,354
1547,349
1520,344
1490,340
1456,335
1422,328
1385,324
1347,321
1305,315
1262,309
1217,304
1168,298
1119,294
1067,287
1013,283
955,276
895,270
834,267
778,263
719,237
685,242
648,245
607,253
570,259
541,270
517,278
494,288
477,298
464,309
454,318
448,327
446,335
447,343
454,351
466,359
483,365
506,370
534,375
570,381
611,387
663,398
731,404
799,416
853,423
918,428
977,433
1037,446
1091,451
1147,453
1197,462
1246,467
1290,473
1332,480
1370,488
1410,493
1444,499
1477,505
1509,511
1535,518
1560,523
1583,528
1603,534
1623,541
1639,547
1653,551
1666,558
1676,563
1685,568
1690,575
1694,580
1696,584
1697,590
1694,597
1690,601
1685,606
1677,610
1666,615
1654,621
1640,626
1623,631
1605,636
1584,641
1563,646
1539,651
1511,656
1481,661
1450,665
1416,670
1382,676
1344,681
1305,685
1264,692
1219,696
1174,701
1125,707
1076,711
1019,716
967,719
908,725
846,728
786,735
724,742
678,760
658,752
631,745
611,749
586,740
561,729
535,717
513,703
492,687
474,672
460,657
451,645
441,633
434,623
429,612
428,603
433,595
441,586
454,577
471,569
491,561
517,552
551,543
595,533
653,526
712,521
769,518
824,513
883,511
936,511
990,505
1044,503
1097,495
1144,495
1188,491
1231,488
1273,483
1310,480
1346,476
1380,473
1410,470
1439,466
1464,463
1488,459
1510,455
1528,451
1545,448
1561,444
1574,441
1585,437
1594,434
1600,430
1605,427
1607,422
1609,419
1608,414
1606,411
1599,407
1593,403
1583,399
1573,394
1560,389
1545,385
1527,380
1507,376
1485,372
1463,366
1436,362
1407,358
1376,352
1344,347
1308,343
1271,337
1230,332
1187,328
1143,322
1096,318
1046,312
994,308
940,304
883,298
827,291
763,286
713,281
679,279
646,274
617,277
598,278
583,283
569,290
552,296
536,303
520,309
507,317
493,326
483,333
475,341
468,347
464,352
464,357
468,360
476,363
492,366
511,369
537,372
568,374
605,376
650,381
717,389
776,398
825,399
892,406
944,409
1003,413
1057,419
1110,421
1159,426
1207,430
1249,436
1292,439
1329,443
1365,448
1398,452
1431,454
1458,459
1485,463
1508,467
1529,471
1550,474
1567,478
1584,480
1597,484
1609,488
1616,490
1623,494
1628,497
1631,499
1633,504
1631,506
1629,508
1624,511
1616,514
1608,519
1597,521
1583,524
1570,526
1552,530
1533,534
1513,535
1491,537
1466,540
1440,543
1412,546
1382,548
1350,550
1315,552
1279,554
1240,556
1200,560
1157,561
1113,563
1068,566
1019,570
972,566
913,572
873,576
805,580
751,582
701,586
679,594
664,594
649,594
636,595
621,596
607,597
593,597
579,597
564,599
549,599
534,600
520,600
506,599
494,598
481,594
471,593
461,590
455,587
451,583
449,580
451,574
455,568
462,561
472,551
487,542
508,531
535,520
570,509
617,496
670,490
726,485
784,476
857,473
893,469
955,460
1009,452
1062,454
1106,453
1154,447
1199,444
1239,439
1279,435
1315,430
1350,426
1381,423
1412,418
1438,414
1462,410
1486,407
1506,401
1525,399
1541,394
1554,391
1567,386
1577,383
1585,377
1591,375
1595,369
1598,364
1600,359
1600,355
1597,350
1591,345
1584,339
1575,335
1563,330
1550,326
1535,320
1517,316
1499,311
1476,307
1452,301
1427,297
1399,292
1369,286
1338,281
1303,276
1268,270
1230,265
1189,260
1148,255
1102,251
1057,244
1009,239
956,234
904,226
850,220
794,215
755,210
727,202
704,199
681,199
655,203
633,209
605,214
575,218
550,227
526,240
506,256
489,270
475,285
464,298
459,310
458,321
460,332
467,340
478,349
493,355
514,363
540,368
573,374
615,377
667,393
740,397
804,400
857,407
917,412
975,417
1031,432
1084,434
1137,439
1185,446
1232,452
1277,458
1317,464
1357,471
1392,478
1426,484
1456,488
1487,496
1513,501
1537,507
1559,513
1578,519
1596,525
1611,529
1624,536
1634,541
1645,547
1652,551
1659,556
1662,561
1664,566
1665,571
1663,576
1658,582
1651,587
1643,593
1634,598
1621,602
1607,607
1591,613
1571,618
1552,623
1529,628
1503,632
1477,638
1446,644
1415,647
1382,653
1345,658
1306,663
1268,666
1224,672
1179,677
1133,680
1084,687
1033,690
980,694
925,700
869,702
805,709
744,708
688,719
642,722
612,722
587,720
563,715
540,706
521,694
503,681
486,667
472,653
460,641
453,630
448,621
446,611
447,601
452,592
462,582
478,572
502,561
534,550
573,540
629,525
688,520
756,510
815,508
881,505
935,504
992,497
1052,496
1112,488
1162,485
1212,477
1258,473
1303,469
1347,464
1386,461
1425,455
1459,450
1493,445
1522,441
1551,438
1578,434
1603,427
1625,423
1646,419
1666,412
1682,407
1695,403
1707,397
1718,392
1726,388
1731,383
1735,377
1737,373
1737,367
1736,361
1732,357
1726,351
1718,346
1706,340
1693,336
1679,329
1662,326
1644,319
1625,313
1602,307
1576,302
1551,296
1521,288
1490,283
1456,276
1420,271
1381,265
1343,258
1298,252
1255,245
1206,238
1157,229
1105,223
1049,216
993,210
930,204
870,197
814,187
771,182
741,183
712,184
684,186
658,192
633,202
604,212
577,225
554,244
532,260
512,277
498,291
486,304
478,316
475,324
480,330
494,335
515,338
543,341
578,343
621,347
675,357
746,362
819,368
874,367
937,375
1000,378
1060,384
1116,390
1171,396
1223,400
1272,405
1317,412
1360,417
1402,420
1439,424
1476,428
1509,435
1540,439
1569,445
1597,449
1624,454
1646,459
1667,463
1685,468
1702,472
1717,476
1729,481
1740,485
1747,489
1753,493
1756,497
1758,500
1758,505
1755,509
1751,513
1743,517
1735,520
1723,524
1710,527
1695,532
1678,535
1657,539
1638,543
1614,547
1589,552
1560,555
1531,559
1498,562
1464,566
1428,569
1387,573
1347,576
1302,579
1258,582
1210,587
1157,589
1104,592
1048,595
989,601
929,603
874,601
811,611
769,613
736,610
704,616
669,611
635,610
605,606
576,602
549,599
528,594
509,587
493,581
482,574
474,568
467,561
465,554
467,548
475,541
489,536
508,528
534,518
566,509
609,496
666,485
728,480
783,470
861,471
900,468
966,463
1019,460
1077,452
1126,456
1174,450
1222,448
1266,443
1307,439
1347,435
1381,432
1417,427
1449,423
1478,419
1504,415
1528,412
1552,407
1572,403
1590,400
1605,396
1619,392
1632,388
1642,384
1649,380
1655,375
1659,372
1661,368
1661,364
1659,360
1656,356
1649,350
1642,345
1633,341
1621,337
1607,334
1592,328
1574,323
1555,318
1533,313
1509,309
1484,303
1455,297
1425,295
1391,289
1359,282
1320,278
1280,273
1240,268
1197,263
1152,258
1103,252
1052,247
1001,243
948,237
889,231
833,225
776,215
736,201
709,197
689,199
661,203
634,214
607,224
577,232
547,245
523,258
505,270
492,283
485,296
484,307
486,319
495,328
508,338
526,347
552,354
586,361
630,368
696,383
758,387
816,380
877,405
927,408
987,415
1041,424
1092,428
1145,434
1191,440
1235,446
1280,451
1318,455
1356,463
1392,468
1424,473
1453,478
1482,484
1507,489
1529,495
1550,500
1569,504
1586,509
1601,514
1614,518
1625,523
1633,528
1639,533
1644,537
1646,542
1648,546
1647,550
1645,555
1639,561
1632,566
1624,571
1613,575
1598,579
1586,584
1569,589
1549,592
1529,597
1504,601
1480,604
1452,609
1424,614
1392,617
1358,621
1323,625
1287,629
1246,632
1206,635
1160,641
1115,644
1068,649
1016,651
966,658
912,662
854,664
799,666
742,669
703,674
674,676
650,683
629,687
608,682
585,677
563,672
541,663
522,657
504,649
489,641
476,632
467,624
460,617
455,610
456,604
459,597
466,591
479,583
498,574
526,566
563,557
613,543
677,536
741,530
798,522
868,516
914,517
977,510
1033,507
1088,504
1138,499
1188,493
1232,488
1278,483
1317,479
1358,476
1392,472
1427,467
1459,463
1489,459
1515,456
1541,452
1564,448
1585,442
1606,439
1623,434
1636,430
1649,425
1659,420
1667,415
1674,411
1678,405
1679,401
1680,397
1677,392
1674,389
1668,383
1659,379
1649,375
1638,369
1624,364
1609,360
1591,356
1572,351
1550,344
1526,340
1502,334
1474,329
1443,325
1412,319
1376,314
1341,308
1302,303
1261,298
1218,292
1172,285
1125,281
1076,275
1024,267
969,264
911,257
854,252
793,245
744,230
705,226
674,226
641,225
612,229
582,236
554,245
526,257
503,270
485,286
470,302
459,317
453,330
452,342
454,353
462,362
473,370
489,376
510,381
538,386
571,391
612,396
670,410
738,416
801,421
864,428
917,429
979,437
1042,442
1091,445
1148,449
1198,453
1247,458
1292,463
1335,469
1375,473
1414,478
1450,481
1483,486
1512,490
1541,495
1567,500
1592,504
1614,508
1634,512
1650,516
1665,520
1679,525
1690,530
1703,533
1711,537
1717,542
1720,546
1720,550
1719,553
1716,558
1712,561
1704,565
1694,568
1682,571
1669,576
1653,579
1635,582
1615,585
1592,590
1566,594
1541,597
1513,601
1482,603
1449,607
1415,610
1377,614
1339,618
1298,621
1254,625
1209,628
1161,632
1111,634
1057,637
1002,641
943,647
885,646
821,653
758,653
711,662
680,651
638,653
611,644
582,633
552,627
529,619
509,608
492,599
481,589
473,580
468,571
469,562
471,554
479,545
493,538
513,530
541,521
579,511
635,502
689,498
755,494
809,488
873,485
918,486
981,480
1037,480
1090,470
1141,471
1187,467
1232,464
1275,462
1315,459
1353,457
1388,455
1422,451
1453,447
1482,445
1506,441
1530,438
1551,436
1570,432
1587,430
1602,425
1615,422
1626,420
1635,417
1643,413
1646,409
1650,406
1650,403
1650,400
1647,396
1641,391
1635,389
1626,385
1614,382
1601,377
1585,373
1568,369
1549,366
1526,362
1504,358
1478,354
1449,350
1420,346
1387,342
1352,337
1315,333
1276,327
1234,325
1189,320
1143,315
1094,311
1044,305
990,302
937,295
877,291
817,286
755,281
716,258
699,275
671,272
644,272
621,274
601,279
582,285
565,291
550,298
535,305
523,313
512,321
503,329
495,338
491,347
489,354
491,361
498,367
512,373
530,378
555,383
586,386
624,389
673,400
735,410
794,410
845,417
900,422
949,428
1010,437
1058,442
1108,443
1154,448
1197,453
1238,460
1278,463
1314,469
1348,473
1379,477
1408,483
1433,487
1457,492
1479,496
1497,501
1513,505
1528,509
1541,512
1552,516
1562,519
1568,523
1572,527
1574,531
1574,536
1575,539
1571,544
1567,548
1559,551
1549,555
1537,560
1524,563
1510,567
1493,569
1474,574
1451,577
1428,582
1403,585
1375,587
1346,591
1314,595
1279,598
1243,598
1206,603
1164,608
1122,610
1080,614
1030,616
983,619
933,622
883,624
824,630
771,633
713,637
666,639
649,626
616,657
599,646
578,645
561,642
545,639
531,635
519,632
509,629
501,625
494,621
489,617
486,613
483,609
484,605
486,600
493,593
502,587
517,580
538,572
566,564
603,555
652,543
706,538
763,528
828,518
874,515
921,513
977,505
1030,501
1079,488
1124,487
1169,481
1211,474
1248,469
1285,462
1319,457
1351,453
1381,447
1409,441
1435,435
1459,430
1480,423
1499,418
1515,413
1530,406
1544,399
1557,394
1567,387
1573,381
1578,374
1581,369
1581,361
1581,356
1577,349
1571,342
1564,336
1555,330
1544,325
1530,318
1514,312
1496,306
1477,298
1455,291
1432,285
1404,279
1376,271
1347,263
1315,255
1280,250
1243,241
1205,232
1162,226
1117,218
1072,211
1023,203
971,193
917,187
863,178
813,169
774,161
744,157
714,157
685,162
657,173
628,186
600,201
573,218
548,239
525,259
504,275
488,291
475,303
468,313
467,322
472,329
482,335
498,342
519,349
547,354
582,360
625,367
687,383
752,389
808,392
874,401
929,406
990,412
1048,423
1097,427
1152,430
1201,437
1247,443
1291,450
1332,456
1369,463
1408,470
1440,475
1473,482
1501,487
1527,494
1551,501
1573,506
1593,512
1611,518
1627,522
1639,529
1651,534
1661,539
1669,545
1674,550
1677,556
1680,561
1679,567
1677,572
1672,577
1667,582
1658,588
1648,592
1635,598
1621,602
1603,607
1584,612
1564,618
1542,623
1515,629
1488,633
1458,638
1427,643
1392,649
1357,653
1317,660
1277,664
1233,669
1191,674
1144,677
1093,685
1043,689
987,693
935,699
873,702
813,705
760,720
723,722
696,721
670,715
645,706
619,695
592,682
567,669
544,654
524,643
508,632
496,624
486,618
479,610
477,606
475,602
478,598
488,594
502,590
523,586
552,582
587,576
640,562
693,559
755,553
807,550
872,545
916,542
978,536
1034,532
1087,530
1134,524
1181,519
1225,515
1268,511
1306,506
1344,503
1379,499
1412,496
1442,491
1469,487
1495,483
1517,480
1540,475
1558,471
1577,466
1592,460
1604,456
1616,453
1625,447
1633,443
1638,439
1641,435
1641,430
1640,426
1637,421
1632,417
1624,412
1615,408
1605,404
1592,399
1576,394
1559,390
1541,385
1517,379
1494,374
1469,369
1441,363
1413,358
1379,352
1345,347
1307,341
1269,336
1228,331
1182,326
1137,319
1089,314
1037,309
982,304
926,298
870,291
810,288
0,0
0,0
729,291
714,271
692,273
670,277
647,282
624,293
602,306
581,317
561,329
544,338
528,347
515,355
504,362
498,368
497,374
504,378
518,382
537,385
562,389
594,391
633,392
699,417
748,412
797,411
843,422
893,430
942,434
996,443
1042,449
1081,453
1123,457
1160,464
1197,469
1229,475
1261,480
1289,485
1315,488
1339,495
1361,500
1381,506
1398,511
1414,516
1425,520
1436,525
1446,531
1454,536
1459,542
1461,546
1461,551
1460,556
1456,561
1451,565
1443,570
1434,574
1423,577
1408,582
1393,586
1375,590
1352,595
1331,600
1306,604
1279,608
1250,612
1219,619
1187,622
1153,626
1113,631
1077,636
1035,638
988,643
942,648
894,650
843,656
793,661
738,664
695,667
664,666
635,671
615,671
596,667
577,662
556,656
535,650
517,645
500,640
485,635
474,632
464,628
456,626
450,623
444,622
441,620
439,618
438,615
440,612
445,608
454,604
466,599
482,592
503,584
531,576
564,567
607,556
664,543
728,539
785,533
850,527
896,525
955,523
1004,515
1059,510
1107,506
1153,503
1199,498
1241,492
1280,487
1317,482
1351,478
1385,474
1413,470
1441,464
1466,459
1488,455
1510,451
1527,446
1545,440
1559,438
1572,431
1581,427
1590,421
1598,417
1602,412
1605,407
1604,402
1603,397
1601,391
1596,387
1588,382
1577,376
1567,371
1554,366
1538,360
1521,354
1502,349
1480,343
1455,338
1429,332
1399,327
1369,321
1337,315
1301,309
1264,304
1225,297
1184,292
1139,284
1093,279
1046,272
994,266
944,259
885,251
829,246
0,0
0,0
722,224
695,221
670,240
639,247
611,254
585,263
561,270
538,279
519,287
501,294
486,302
474,309
465,315
461,320
460,324
464,327
473,331
485,334
503,337
526,340
553,342
587,342
628,345
678,356
742,355
806,368
857,369
913,376
969,377
1022,382
1072,384
1121,391
1165,393
1210,398
1248,403
1287,407
1321,412
1353,414
1383,418
1411,421
1436,425
1459,430
1481,434
1499,437
1515,439
1531,444
1543,447
1558,452
1564,455
1570,458
1574,461
1576,464
1576,467
1575,471
1570,473
1561,476
1554,479
1543,482
1530,483
1516,487
1500,489
1483,493
1461,496
1438,497
1413,501
1387,503
1358,505
1328,510
1295,512
1260,514
1223,516
1181,520
1140,524
1096,523
1051,531
1004,531
954,529
897,531
849,533
785,536
727,540
694,542
665,561
646,558
