#x_position,y_position
899,419
899,419
889,413
879,408
867,403
853,397
838,392
821,386
801,381
780,375
756,371
729,366
701,361
677,356
649,350
623,344
600,333
577,329
554,328
533,331
512,335
492,341
477,345
464,351
454,355
447,360
442,365
438,373
438,380
439,388
443,396
450,405
459,414
470,424
486,433
505,443
528,452
555,461
585,468
618,474
651,477
682,481
708,485
736,490
761,494
784,498
805,502
823,507
840,512
856,516
867,521
879,525
889,530
895,535
899,540
902,544
902,549
901,553
898,558
893,562
887,566
878,571
867,576
854,580
839,586
823,590
803,595
783,600
759,605
734,609
708,614
680,619
655,626
635,630
615,633
595,635
574,635
555,635
537,634
521,634
507,634
494,632
485,632
478,630
472,627
468,623
466,617
465,611
467,605
471,599
480,591
491,585
507,578
527,570
552,563
582,554
612,545
641,535
667,527
692,519
715,510
738,501
757,492
776,484
792,476
805,466
817,458
827,449
836,441
842,432
846,424
849,416
850,407
849,399
843,390
840,382
832,373
821,364
810,356
796,347
780,338
762,330
743,322
718,312
694,302
671,293
649,285
630,276
611,267
592,262
574,261
553,263
532,271
512,277
493,285
478,293
465,301
456,308
447,317
441,327
437,337
434,350
434,361
438,373
445,385
456,397
470,409
488,421
509,433
534,444
563,454
594,462
624,467
653,472
678,478
703,484
726,490
748,495
767,501
784,508
801,514
814,521
825,527
834,533
841,538
847,546
850,552
851,558
850,564
847,571
842,576
835,583
826,589
815,596
802,602
786,609
770,615
750,622
729,628
706,635
679,641
656,644
635,649
617,660
599,665
584,668
570,668
558,666
544,662
531,659
518,653
507,649
496,644
489,638
483,633
481,625
481,617
483,608
487,600
496,591
507,583
524,576
543,568
569,561
596,554
624,546
649,541
673,535
695,528
716,522
736,516
753,509
768,503
781,497
792,491
800,484
808,478
813,473
815,466
815,459
814,453
813,447
807,442
800,436
792,430
781,424
766,418
752,412
734,406
715,400
693,393
670,388
645,383
616,377
589,370
565,364
543,357
524,352
508,349
495,347
483,347
471,349
460,351
450,354
442,358
434,364
431,372
432,380
435,389
440,398
447,409
458,419
472,430
492,440
514,450
541,459
571,467
603,473
635,476
662,482
687,488
714,494
737,500
758,506
777,512
795,518
810,525
823,532
834,537
842,544
850,550
854,556
854,563
856,569
857,574
853,581
848,587
842,593
833,600
822,606
809,612
794,619
778,625
759,632
736,638
712,644
688,649
666,653
643,658
624,665
606,667
592,670
576,670
559,667
544,659
530,652
520,644
511,636
503,628
497,619
495,610
495,602
499,593
506,585
518,577
534,568
552,561
576,554
604,547
633,540
662,534
687,528
710,522
733,516
753,510
772,505
788,500
803,494
815,488
825,482
833,476
841,470
847,465
849,459
849,453
849,448
845,442
840,436
834,431
824,425
813,420
800,414
786,408
768,403
749,397
727,391
704,386
679,381
654,376
631,371
609,365
588,358
568,356
551,354
534,355
518,356
503,358
489,361
477,365
469,368
463,372
460,378
460,385
461,394
466,403
473,413
483,423
498,433
515,443
536,454
560,464
588,473
617,480
647,488
671,494
696,501
720,508
742,515
761,521
777,529
794,536
806,543
817,550
825,558
834,565
838,572
842,580
844,586
843,594
839,601
834,608
827,615
818,622
807,629
795,636
781,643
764,651
745,658
725,665
703,673
681,677
664,682
647,686
632,688
616,688
599,687
583,681
567,674
553,665
540,656
529,646
521,638
515,628
513,618
514,609
518,599
526,591
538,582
555,574
578,565
603,557
631,549
658,542
683,536
706,530
728,523
749,517
767,511
782,505
797,499
809,493
819,487
826,481
832,475
836,469
839,463
839,458
838,451
834,446
829,439
821,434
813,428
802,422
789,416
774,410
758,404
738,397
716,391
694,386
670,380
648,373
624,366
603,361
584,357
565,355
547,355
530,357
514,359
500,362
488,364
477,368
469,372
464,378
462,386
462,394
465,403
472,412
482,420
495,428
512,437
532,445
554,454
580,461
608,466
635,470
660,475
682,478
704,483
724,488
742,492
758,496
772,500
783,505
794,510
801,515
807,520
811,525
813,529
813,534
812,539
809,543
803,548
795,553
785,557
773,563
760,568
744,572
727,577
707,582
685,587
664,592
646,597
628,598
612,600
594,601
577,603
562,603
547,603
534,603
523,602
512,601
504,599
497,597
493,594
491,590
492,586
495,582
502,577
513,572
530,566
549,560
576,553
605,545
635,537
662,530
687,525
710,518
734,511
755,504
774,497
790,491
805,484
818,477
829,470
838,463
845,457
850,450
854,443
853,437
854,430
852,424
848,417
840,411
831,404
821,398
809,392
794,385
778,379
760,372
739,365
716,359
692,353
667,347
642,341
619,335
600,330
584,328
570,330
555,331
541,334
527,340
515,346
504,354
496,362
491,372
491,383
494,394
501,404
511,414
525,424
545,434
568,444
595,452
625,459
656,465
686,472
713,476
739,482
763,488
786,494
806,500
823,507
838,512
853,519
865,525
875,530
883,537
889,542
892,549
893,555
891,561
891,566
886,573
879,578
871,584
861,590
849,595
835,602
819,608
801,614
779,620
756,626
733,633
709,637
686,642
664,647
643,647
623,649
605,647
585,645
569,641
554,636
540,630
529,623
519,617
510,610
505,603
503,595
504,588
507,581
515,573
528,565
545,557
568,551
594,545
623,538
652,532
680,527
704,522
728,516
750,509
771,503
789,498
805,492
819,486
832,480
841,475
850,468
855,462
860,457
858,450
858,445
856,440
854,434
850,428
838,424
828,418
819,412
804,406
788,401
769,395
750,389
727,383
703,377
677,372
652,367
628,363
605,358
585,356
565,356
548,357
532,359
518,362
505,367
493,372
483,378
474,384
471,392
469,399
471,407
478,415
487,423
501,431
518,438
540,447
566,455
597,462
629,468
660,474
688,478
714,484
740,490
763,495
784,501
803,507
820,512
834,518
848,524
858,530
867,536
874,542
878,548
881,554
884,559
883,565
879,571
872,576
867,582
858,589
847,594
835,600
820,606
802,613
783,619
762,625
739,631
715,635
701,642
687,652
672,653
656,653
640,650
623,645
605,640
589,635
573,630
558,624
546,618
537,612
531,606
528,599
529,592
533,585
540,579
551,572
566,565
585,558
611,552
639,544
670,537
700,528
728,521
753,514
777,506
800,499
820,492
840,484
857,476
869,469
882,462
892,454
902,447
909,440
912,433
916,426
917,418
916,411
912,404
909,398
900,390
894,383
881,376
868,369
853,362
837,354
817,347
796,340
773,333
748,325
721,318
691,311
667,301
653,302
639,303
622,303
603,305
588,306
573,310
558,316
544,322
533,329
523,336
517,345
513,355
512,366
515,377
522,387
532,397
546,407
566,417
591,425
620,433
651,439
682,446
710,451
736,456
761,462
785,469
807,475
826,480
843,486
858,492
871,498
883,504
890,510
898,516
901,521
904,527
906,533
904,539
901,544
897,550
891,555
883,561
872,567
860,573
844,579
829,584
810,590
789,596
766,602
747,608
730,618
716,623
702,623
686,625
669,624
651,622
634,620
615,617
598,615
583,612
569,610
556,606
546,601
537,595
531,588
528,581
528,574
533,566
542,559
556,552
575,545
599,538
627,532
657,524
687,518
715,511
741,505
765,498
789,491
811,485
829,479
846,473
860,467
873,460
884,454
891,447
900,442
902,435
904,430
909,424
908,418
904,412
899,406
892,401
884,395
873,389
861,383
847,377
831,371
813,365
793,358
770,352
747,346
726,338
706,335
685,329
667,326
650,324
631,324
614,328
596,334
580,341
564,346
549,351
537,356
525,362
517,369
512,377
509,385
512,394
519,402
531,409
549,418
570,427
597,436
628,444
659,449
690,454
718,460
743,465
768,471
792,476
812,481
830,485
846,491
861,496
873,501
884,506
893,512
899,518
902,523
906,528
906,533
905,539
902,544
897,549
890,555
881,560
871,566
857,571
841,577
824,582
804,588
782,594
758,599
734,605
713,612
694,617
676,618
657,618
638,617
619,613
602,611
585,607
570,603
556,599
545,595
537,590
531,586
529,581
530,576
536,571
545,565
559,559
578,553
602,548
629,542
660,535
691,529
720,524
746,519
771,513
795,507
817,501
837,496
855,491
869,486
883,479
895,474
903,469
913,463
917,458
920,452
922,447
922,442
918,437
912,431
906,426
897,421
888,416
876,411
862,405
844,400
826,395
805,389
782,384
756,379
729,374
700,369
673,366
649,365
629,366
609,369
591,372
573,375
559,379
545,384
535,390
527,397
523,404
522,413
525,423
535,432
550,441
570,452
593,461
623,470
654,476
686,481
716,487
742,490
769,495
794,500
817,505
836,509
855,514
871,519
885,524
896,530
906,535
915,539
919,545
924,549
927,555
926,560
926,564
920,570
916,575
909,580
897,585
886,591
870,596
855,602
836,607
814,612
792,618
766,624
741,628
716,634
693,639
672,641
653,642
633,640
615,636
599,631
583,625
567,619
555,613
544,607
534,602
527,596
522,590
519,583
520,577
523,571
531,564
542,558
559,550
580,545
605,539
633,534
664,529
692,524
718,519
741,515
764,509
785,504
804,499
820,495
834,490
847,485
858,480
865,476
871,471
876,466
876,461
877,457
877,452
875,448
869,443
861,438
852,434
841,429
827,424
811,419
793,415
773,410
751,405
726,401
701,396
676,392
651,388
628,387
607,389
586,390
569,392
553,394
539,397
528,403
520,408
514,414
512,419
513,425
518,432
526,439
539,445
555,452
577,458
603,464
632,470
664,474
695,478
723,483
749,485
773,490
797,495
817,499
835,504
852,508
866,513
878,518
888,523
896,528
902,532
905,536
907,541
907,545
906,550
902,554
897,559
890,563
881,568
870,573
857,577
841,584
825,586
805,592
784,596
762,601
744,603
729,606
716,610
700,612
683,613
665,609
648,605
631,598
616,593
603,588
592,582
584,576
577,571
574,565
575,560
581,553
594,547
612,541
636,535
664,528
693,522
719,516
744,511
767,505
789,499
808,494
825,489
840,483
854,478
865,472
875,466
883,461
888,455
889,450
894,445
893,439
891,434
886,428
879,423
870,418
860,412
847,407
833,401
816,396
797,391
775,385
753,380
731,375
711,370
693,367
674,366
654,369
635,369
616,373
599,377
583,380
568,384
554,388
544,393
536,398
531,404
530,410
534,416
541,421
553,427
570,434
592,440
619,446
649,451
681,455
713,459
741,463
767,467
792,472
816,476
837,480
855,483
872,488
886,492
900,496
910,501
919,505
926,510
931,514
933,519
935,523
934,527
930,531
925,536
918,540
909,544
898,549
886,554
870,558
853,563
833,569
812,572
788,577
765,581
739,587
716,591
695,595
674,597
652,599
631,602
612,602
596,602
580,601
567,598
556,595
547,592
541,589
537,584
535,579
537,574
541,569
550,563
565,557
583,550
607,543
635,537
665,530
695,524
723,517
748,512
771,506
795,499
815,493
833,487
849,481
862,475
874,469
884,463
893,457
899,451
903,445
905,439
904,433
903,427
898,421
893,416
886,410
876,403
865,398
851,392
835,386
818,380
797,374
776,367
751,362
725,356
699,350
673,345
644,338
616,332
594,330
570,329
550,331
529,334
509,336
492,339
479,341
468,345
459,351
453,357
450,364
450,370
453,376
459,384
468,393
480,403
496,414
518,425
545,435
578,444
612,452
647,457
678,463
706,469
735,475
763,482
787,488
809,493
830,499
848,506
865,512
880,518
891,524
902,531
910,537
915,544
920,549
921,556
920,562
920,568
918,575
911,581
902,587
893,593
880,599
866,607
850,613
831,620
810,627
788,633
763,641
736,647
710,650
686,652
666,663
646,666
626,667
606,667
587,665
568,662
550,656
533,651
517,646
503,640
491,635
482,630
475,625
469,620
465,614
463,609
462,602
464,596
470,589
480,582
494,574
512,566
534,560
563,553
594,545
629,537
662,530
693,524
721,519
750,512
777,506
801,499
823,493
844,486
862,480
879,474
893,468
904,461
916,455
925,449
932,444
936,437
940,432
939,426
938,420
933,414
929,408
921,402
911,396
899,390
883,385
869,379
851,373
831,366
809,360
785,354
760,348
732,343
700,338
670,331
640,322
615,317
594,316
573,318
553,320
533,322
513,324
495,326
479,330
464,333
452,338
443,342
436,347
430,352
426,359
424,366
424,373
428,380
433,389
440,397
449,405
462,414
479,422
501,431
527,439
559,447
595,455
634,462
671,465
705,470
735,476
764,482
793,487
819,493
843,499
866,505
885,511
904,517
920,523
933,528
945,534
955,540
964,546
970,552
973,558
976,564
977,570
975,577
971,583
963,591
955,597
946,603
933,609
918,616
903,623
884,629
862,635
839,642
813,649
786,656
756,663
723,670
692,677
665,680
646,684
626,684
606,682
589,678
570,673
554,668
538,663
522,660
508,657
495,655
483,652
473,649
464,646
458,641
453,638
449,634
447,628
447,623
449,616
452,610
458,604
467,597
478,590
495,584
515,578
540,573
571,567
603,562
637,557
670,551
700,545
728,541
755,536
781,530
805,525
827,520
846,514
863,509
878,503
891,498
902,492
912,487
920,482
924,477
926,472
928,466
925,462
922,457
917,452
910,448
901,443
891,438
878,433
862,428
846,424
828,419
806,414
784,409
758,404
731,399
705,395
682,388
662,385
641,381
619,378
597,377
574,376
552,376
530,376
509,374
491,370
474,366
460,363
448,361
437,362
429,362
424,363
420,364
419,367
419,371
419,374
422,378
426,383
433,389
443,396
455,403
470,413
488,424
508,433
534,442
563,450
597,457
631,463
666,467
697,470
727,475
755,479
782,483
807,488
830,493
850,497
868,502
885,506
900,510
912,515
922,520
930,524
936,529
942,533
943,538
942,542
941,546
937,550
930,556
922,560
913,565
900,569
887,573
871,578
853,583
833,587
812,592
788,596
761,601
734,605
705,609
681,612
661,617
642,620
622,622
602,624
580,625
559,625
540,625
522,625
506,626
491,625
478,624
469,622
461,618
455,614
454,609
454,604
458,598
465,592
476,586
490,579
509,573
532,566
563,558
595,551
628,545
660,538
690,533
717,527
743,522
769,515
792,509
813,504
832,498
848,492
864,487
875,481
885,475
895,470
901,464
906,458
909,453
910,447
910,442
907,437
902,430
895,425
886,419
874,414
861,408
846,403
829,397
809,391
788,385
764,380
738,374
711,369
686,364
666,359
647,351
626,349
606,347
586,346
567,346
548,346
529,346
511,347
495,347
480,347
467,345
457,346
449,347
442,349
438,351
432,354
429,358
429,361
430,366
432,370
438,377
445,384
455,392
466,402
482,412
502,422
527,433
557,444
591,453
627,461
663,469
697,478
728,484
757,492
786,501
813,509
836,515
859,525
879,533
897,541
912,550
926,558
938,565
948,573
955,582
962,590
965,598
968,606
966,614
964,622
959,631
953,640
945,648
934,654
921,665
906,673
887,684
868,691
848,700
824,708
797,717
771,726
744,736
717,747
698,752
680,750
661,745
644,738
623,732
605,722
585,713
566,701
550,691
534,682
520,674
506,665
496,654
487,644
482,633
477,622
475,610
474,599
476,589
481,580
489,571
501,564
518,556
538,548
564,541
595,534
629,527
662,521
696,515
725,511
754,505
782,500
807,495
830,490
851,484
871,478
888,473
902,468
914,463
926,457
935,452
942,446
945,442
949,436
948,432
947,427
943,422
941,417
934,413
926,407
913,403
901,397
884,393
867,387
847,382
825,377
802,371
775,366
747,361
717,357
684,353
651,349
618,343
591,343
566,344
542,346
519,348
498,351
479,353
463,356
451,357
440,359
432,362
426,366
421,371
