#x_position,y_position
558,391
558,391
587,399
624,407
663,414
703,421
743,427
782,431
817,436
848,443
884,448
915,452
943,457
971,463
993,468
1015,474
1035,478
1055,483
1068,488
1081,494
1092,498
1101,504
1109,510
1114,514
1116,519
1117,525
1116,530
1113,536
1107,542
1099,548
1088,552
1076,559
1060,565
1044,571
1024,576
1004,581
979,588
952,593
923,600
890,606
858,611
827,618
794,621
765,625
736,629
707,633
678,635
649,634
622,632
595,626
569,620
547,612
528,605
512,597
500,588
490,579
484,570
481,560
480,551
485,540
494,530
506,520
523,509
544,500
570,490
600,481
634,473
673,466
712,459
753,454
790,448
822,442
852,442
889,436
917,433
944,429
969,425
991,420
1011,416
1030,411
1046,407
1059,404
1073,400
1082,396
1089,392
1094,388
1096,384
1097,382
1098,378
1095,374
1090,371
1084,367
1076,365
1063,361
1051,358
1035,354
1017,351
999,347
976,344
953,341
926,336
896,332
867,329
834,326
801,323
770,318
742,310
715,305
690,304
665,302
641,303
617,306
594,310
571,315
550,320
531,325
514,329
501,334
491,339
487,344
484,350
485,357
490,365
497,372
509,381
525,389
545,398
570,409
600,418
634,426
671,433
710,438
747,441
784,444
814,447
843,450
875,452
906,456
931,458
955,461
978,464
996,466
1014,469
1030,472
1043,476
1054,479
1062,481
1068,484
1074,487
1076,490
1074,493
1072,495
1069,498
1061,501
1055,504
1043,507
1031,511
1016,513
999,515
981,518
960,521
936,524
910,527
880,532
852,534
822,538
792,542
759,549
727,555
699,555
671,559
643,561
616,562
591,562
567,562
546,561
526,560
511,560
498,560
489,559
483,555
480,551
481,545
485,538
492,530
503,522
517,513
535,504
558,494
583,485
613,476
648,468
686,461
726,456
765,452
799,447
830,442
863,440
898,438
926,436
951,432
976,428
998,425
1020,422
1037,418
1054,414
1069,410
1081,407
1091,404
1099,401
1105,399
1108,395
1108,392
1108,389
1104,386
1100,383
1093,380
1084,377
1074,375
1060,371
1044,367
1025,366
1007,363
985,359
962,357
936,354
905,351
874,346
842,344
808,341
775,338
743,335
716,327
689,323
663,319
637,318
612,317
589,318
568,320
548,320
532,323
520,325
510,328
503,331
499,336
498,342
499,349
504,356
512,364
522,374
535,383
553,393
576,404
603,414
634,423
669,431
705,438
742,443
776,446
809,450
837,452
868,455
899,459
926,461
948,463
970,466
989,469
1006,472
1022,476
1035,479
1046,482
1053,486
1058,488
1066,490
1066,493
1070,496
1068,499
1064,502
1062,505
1052,508
1042,512
1029,515
1014,518
999,520
980,524
961,527
939,530
912,535
883,540
855,542
825,545
791,549
756,552
722,556
690,559
662,562
634,562
608,563
583,565
560,566
541,565
524,564
509,563
497,562
486,559
479,557
474,553
473,549
474,542
480,535
488,525
501,515
517,505
538,493
563,483
591,472
622,463
658,454
696,447
736,443
774,438
808,433
838,430
871,428
902,427
929,423
955,418
978,416
998,412
1018,409
1035,406
1049,402
1059,399
1073,397
1081,393
1087,390
1093,387
1092,385
1092,382
1093,381
1091,378
1086,374
1077,371
1068,369
1056,367
1040,364
1024,361
1006,359
985,356
963,353
939,351
909,348
880,345
848,342
815,340
778,338
742,334
707,329
671,326
642,323
614,321
591,318
569,318
549,318
533,320
518,323
505,325
495,327
487,331
484,335
485,341
488,348
494,356
504,364
518,374
535,383
560,393
589,404
622,412
660,421
699,428
737,433
772,436
805,443
832,446
863,451
896,456
920,461
944,466
966,470
986,475
1002,480
1018,485
1032,490
1044,493
1052,498
1057,503
1061,508
1060,512
1064,517
1062,521
1057,526
1052,530
1044,536
1033,541
1022,546
1008,550
991,556
973,561
952,567
930,573
904,579
877,582
848,587
818,593
786,597
754,601
724,607
696,609
667,611
640,610
613,610
587,606
563,602
542,596
525,590
511,584
502,576
496,568
494,559
495,549
500,538
509,529
524,519
541,510
566,501
594,492
626,484
661,476
699,469
739,463
777,459
811,453
840,448
873,443
904,440
930,436
955,431
978,427
997,423
1018,417
1033,413
1047,409
1059,405
1070,401
1078,397
1083,394
1087,389
1088,385
1088,382
1086,378
1083,374
1075,370
1067,366
1056,362
1042,358
1026,354
1010,350
989,346
968,342
944,338
916,333
887,329
856,326
824,320
788,317
755,311
724,303
698,302
673,303
648,304
625,307
603,312
582,318
562,324
543,331
526,338
513,344
503,351
496,357
493,365
493,373
498,382
504,391
515,402
528,413
547,423
570,434
598,444
630,453
665,460
702,467
740,472
774,476
806,482
834,487
862,491
891,495
916,500
937,504
959,509
976,514
992,519
1007,524
1017,530
1027,535
1034,540
1040,545
1041,550
1043,555
1043,560
1040,566
1035,571
1027,576
1015,582
1003,589
988,594
971,600
952,606
931,612
907,617
881,622
852,629
824,634
794,640
768,641
745,646
719,652
694,653
669,652
646,649
623,643
600,637
578,631
558,623
540,615
524,606
510,598
499,590
491,580
486,571
483,560
484,549
489,538
496,527
507,516
522,505
539,494
560,483
585,472
614,463
647,455
685,447
725,442
764,438
801,432
833,426
864,424
895,422
924,419
951,415
976,412
997,408
1017,404
1037,401
1052,397
1066,394
1078,391
1088,388
1094,384
1098,381
1103,378
1104,376
1103,373
1101,369
1095,367
1088,365
1081,361
1068,359
1056,356
1041,353
1023,350
1005,348
983,346
961,342
934,339
905,336
874,332
844,331
809,328
772,325
736,321
703,319
672,314
645,309
620,306
596,304
574,303
553,304
534,306
516,310
502,314
489,319
483,325
480,330
481,338
485,346
493,355
505,364
520,373
539,383
564,394
593,404
625,414
661,421
700,429
739,434
777,440
809,445
838,449
873,455
905,460
930,464
955,470
979,474
997,480
1017,484
1032,490
1045,495
1058,498
1068,503
1075,509
1081,513
1083,518
1084,522
1084,528
1078,532
1077,537
1070,541
1061,547
1049,551
1034,556
1020,562
1001,567
980,572
957,579
932,583
906,587
878,591
849,596
821,601
795,605
771,610
745,615
717,618
688,619
659,619
629,617
600,612
572,606
549,601
528,595
511,589
498,582
491,575
487,566
489,555
494,544
504,532
519,521
539,510
563,498
592,489
625,479
661,470
700,464
738,458
773,453
804,447
832,444
863,438
893,435
918,430
941,426
962,421
982,417
999,411
1014,407
1026,401
1038,398
1046,393
1051,389
1055,385
1057,380
1054,376
1051,372
1050,368
1043,364
1034,360
1025,355
1013,352
997,348
981,344
964,340
943,336
919,332
893,327
867,324
839,320
811,318
782,317
760,304
736,300
714,299
690,298
669,300
647,303
622,308
602,314
581,321
559,328
540,333
523,338
509,343
498,349
493,356
492,364
495,373
505,384
519,395
539,406
565,418
594,429
629,438
666,445
705,452
742,456
777,461
807,467
834,473
863,478
890,481
913,485
935,488
953,493
973,498
988,504
1001,508
1011,512
1021,517
1027,522
1031,527
1037,531
1035,536
1034,540
1030,545
1027,550
1019,555
1009,560
996,565
983,570
967,577
948,583
927,588
905,592
879,596
850,602
821,607
788,613
759,616
734,617
710,621
686,626
663,629
639,629
614,626
590,620
567,613
547,605
529,598
515,588
504,579
496,571
490,562
487,554
488,546
491,537
498,528
508,519
524,509
541,499
563,489
588,481
619,473
653,465
690,457
728,451
766,445
799,438
830,433
864,427
896,423
922,418
948,414
972,409
992,403
1010,398
1028,392
1043,389
1055,384
1065,380
1076,375
1082,370
1086,367
1089,361
1089,358
1089,353
1084,348
1079,344
1070,338
1060,333
1047,329
1033,324
1016,320
997,316
974,310
951,305
924,301
896,297
867,292
832,286
797,281
764,277
727,273
695,269
668,267
640,269
612,274
586,279
562,285
539,290
520,298
504,305
492,312
481,319
474,326
472,334
472,342
474,351
481,360
490,370
503,379
518,389
538,398
564,408
595,418
628,425
666,432
705,436
746,441
783,446
815,450
847,455
882,460
912,464
939,468
963,473
986,478
1006,482
1026,487
1042,492
1057,495
1069,500
1076,505
1085,509
1087,514
1092,518
1094,523
1094,527
1092,532
1086,537
1080,542
1071,547
1059,552
1045,557
1029,561
1013,566
992,572
969,578
945,584
917,588
888,593
857,598
825,602
795,607
764,612
735,617
707,620
679,620
651,619
626,616
600,610
578,603
557,594
540,585
526,575
516,565
510,555
506,545
506,535
511,524
517,515
530,505
544,496
565,486
590,477
618,468
653,460
691,453
731,447
770,442
803,435
835,431
867,428
896,424
926,420
950,416
973,412
994,408
1011,405
1029,400
1045,398
1057,395
1069,391
1079,388
1086,384
1091,381
1093,377
1093,373
1091,371
1087,367
1082,364
1073,361
1063,358
1051,355
1036,351
1021,348
1003,345
983,341
961,338
936,334
909,330
881,326
850,323
817,319
782,315
752,311
725,305
698,300
676,302
652,302
628,306
605,309
585,313
566,317
548,323
534,328
522,334
512,340
504,346
498,353
497,360
500,367
507,375
519,383
535,391
555,400
581,410
611,419
645,425
682,432
720,438
757,442
789,445
820,448
849,451
881,455
909,458
931,461
954,464
975,468
993,471
1010,474
1025,478
1036,482
1043,487
1053,488
1056,493
1059,497
1062,499
1062,503
1061,506
1056,509
1048,513
1040,518
1028,521
1016,524
998,528
981,532
962,536
940,539
915,544
887,549
860,552
833,556
804,563
778,570
752,573
725,575
699,577
672,579
645,579
619,580
595,580
571,579
549,577
530,575
516,573
503,572
493,568
489,564
486,558
488,551
492,542
500,533
512,523
527,513
547,503
569,493
596,482
625,472
660,464
696,457
732,452
767,447
799,442
829,437
859,433
888,429
914,426
938,424
957,420
977,416
993,413
1008,409
1021,405
1030,401
1039,398
1045,394
1050,391
1050,388
1052,384
1050,381
1044,377
1040,373
1032,370
1021,366
1008,363
995,360
977,357
960,353
939,350
914,347
887,342
861,339
832,336
802,332
772,326
747,320
724,318
702,319
680,321
657,323
633,328
612,331
591,336
570,341
552,346
536,350
523,355
513,360
508,364
507,370
511,376
518,382
528,389
542,396
561,403
584,411
612,420
644,426
678,433
714,438
752,443
785,447
815,451
844,456
874,461
899,465
924,469
946,473
966,477
984,481
997,485
1012,489
1023,494
1032,497
1036,501
1044,506
1044,511
1044,514
1043,518
1039,523
1032,527
1025,531
1013,535
1002,540
986,544
971,548
950,553
928,559
905,563
879,568
853,573
827,579
798,585
772,591
748,598
722,604
696,608
670,610
644,612
619,611
595,609
572,605
550,602
531,598
516,592
503,587
493,579
487,572
484,563
484,554
488,544
494,533
504,523
517,513
534,502
555,492
582,481
611,473
645,464
683,458
722,452
760,447
793,442
823,435
856,430
887,426
914,424
938,420
961,415
981,412
1001,406
1019,403
1033,398
1046,393
1055,389
1066,386
1071,382
1075,378
1076,373
1078,370
1074,367
1071,363
1063,360
1056,355
1045,352
1033,347
1019,343
1001,340
983,336
963,333
941,329
912,325
883,322
856,318
822,314
787,311
754,307
726,302
700,298
676,295
653,294
629,295
609,296
588,299
568,304
548,309
530,313
513,318
499,321
488,325
481,330
477,337
477,346
480,356
488,366
500,376
515,387
536,398
560,407
590,417
622,426
659,433
699,440
738,444
773,447
805,450
834,452
866,455
896,458
921,460
945,464
965,466
985,470
1002,472
1015,475
1029,478
1037,482
1047,484
1052,487
1057,490
1058,494
1060,496
1058,498
1054,501
1047,504
1038,507
1026,509
1012,512
998,514
980,516
962,519
942,521
918,525
891,527
862,532
836,534
806,538
776,542
745,546
715,549
685,551
656,554
628,555
601,555
574,555
550,555
533,555
518,555
507,553
499,551
496,546
497,539
504,529
515,519
531,508
552,497
577,486
606,476
640,467
678,460
717,454
756,451
791,447
824,442
855,440
887,438
915,436
942,435
965,432
986,430
1007,426
1026,425
1039,423
1052,420
1064,418
1074,416
1081,414
1087,413
1090,410
1090,408
1088,406
1085,404
1080,402
1072,400
1063,398
1052,397
1037,396
1021,393
1004,392
985,391
962,389
938,387
911,386
882,384
849,383
817,381
783,379
751,375
719,370
693,365
666,360
640,356
615,353
591,350
569,349
547,348
530,348
515,349
505,351
498,355
494,361
497,367
505,375
515,385
532,395
553,406
581,417
612,427
648,435
685,442
723,447
760,451
791,457
821,461
851,467
881,469
907,474
929,479
951,483
968,488
987,494
1001,498
1014,502
1025,506
1034,511
1040,516
1045,520
1047,526
1047,530
1045,534
1040,540
1034,544
1025,548
1014,553
1001,559
986,564
970,570
950,578
928,582
906,587
880,592
852,597
824,602
795,608
767,613
743,614
719,618
695,621
670,622
644,620
618,617
594,612
572,606
553,601
536,595
523,589
512,583
504,576
501,568
501,559
505,550
512,540
524,528
539,518
560,507
585,497
614,488
649,481
686,473
725,467
763,461
795,457
826,450
854,447
887,442
914,438
939,434
961,430
982,426
1000,421
1017,417
1032,413
1044,408
1053,405
1061,400
1067,397
1072,393
1074,388
1074,385
1072,381
1066,376
1060,372
1050,367
1040,364
1026,360
1010,356
992,352
972,348
950,344
927,341
898,335
870,332
840,329
807,325
771,322
738,321
707,322
680,317
654,315
629,315
607,315
585,316
565,319
544,322
526,328
511,334
502,338
496,345
493,352
495,360
500,370
513,381
529,393
549,406
575,420
605,432
640,443
677,454
716,462
754,468
790,473
822,479
853,485
884,491
913,496
939,501
963,507
984,512
1002,518
1020,524
1035,530
1048,535
1059,541
1067,547
1074,553
1078,559
1080,565
1080,571
1078,578
1074,585
1068,591
1061,596
1049,602
1036,608
1022,614
1005,621
984,628
961,634
940,639
913,646
885,654
856,660
826,659
799,665
778,675
753,676
730,679
705,681
681,675
654,671
629,665
606,659
584,652
562,644
545,635
530,627
518,618
509,607
506,595
506,582
512,571
520,557
535,545
554,533
578,518
606,506
638,494
674,483
712,475
749,468
784,462
815,454
842,447
875,441
903,436
929,431
953,424
972,418
992,412
1010,407
1024,401
1037,395
1048,390
1057,385
1062,379
1067,374
1069,368
1070,364
1068,357
1064,352
1058,347
1050,341
1040,335
1028,330
1015,325
997,320
979,314
958,306
936,302
910,296
882,290
853,285
824,280
797,273
765,264
737,264
710,265
682,268
656,272
628,276
601,283
576,290
552,299
533,306
517,314
507,322
501,330
500,339
503,347
511,355
524,362
542,370
565,377
592,386
625,393
661,399
701,404
740,409
778,412
809,416
838,420
872,425
901,431
928,435
953,440
975,445
994,449
1012,455
1030,459
1043,464
1055,468
1063,474
1072,477
1077,481
1081,487
1082,492
1081,496
1078,499
1072,506
1064,510
1053,515
1042,520
1026,525
1011,529
992,535
972,540
948,545
921,552
893,557
865,561
836,568
804,574
774,578
747,581
719,585
692,587
666,589
640,590
616,590
594,589
573,587
553,585
535,582
520,579
508,575
499,570
492,564
489,558
489,550
492,542
500,534
510,526
525,518
544,512
569,505
597,497
630,490
666,483
703,478
740,474
775,470
804,468
833,464
862,461
891,456
915,451
936,447
955,444
973,439
988,437
1002,432
1013,429
1022,424
1028,421
1034,417
1037,413
1038,410
1037,407
1033,403
1028,399
1020,396
1010,392
998,389
984,385
968,382
950,379
930,375
907,371
880,368
852,365
825,361
797,358
769,354
744,357
720,342
699,341
680,342
660,341
643,340
625,342
607,345
589,348
570,352
553,355
536,358
523,359
512,362
503,366
498,370
496,374
498,380
502,387
512,395
524,403
543,412
567,422
595,432
629,440
665,448
702,453
740,458
775,461
807,467
836,471
867,476
896,479
921,483
944,486
965,491
984,496
1000,501
1014,505
1027,509
1038,512
1046,517
1052,521
1057,525
1059,529
1058,533
1055,537
1052,543
1044,548
1037,552
1026,557
1013,561
1001,566
982,571
961,576
941,582
918,586
891,590
863,593
834,598
804,603
775,607
751,606
726,608
700,610
675,610
649,607
626,604
602,596
580,588
559,580
540,572
522,566
509,560
498,554
492,548
488,542
486,537
489,531
495,524
504,517
518,509
536,501
558,493
583,485
613,477
645,472
681,466
717,462
756,458
791,455
824,452
