#x_position,y_position
613,432
613,432
597,426
581,421
567,418
553,417
538,416
523,416
506,415
490,414
474,412
459,411
443,409
429,407
416,405
404,403
394,403
387,403
381,405
377,406
374,408
372,411
371,415
371,418
371,421
373,426
376,433
379,439
385,447
392,456
398,464
411,473
426,483
444,493
470,506
503,518
541,532
580,541
618,551
652,561
683,565
715,571
747,580
778,588
806,595
827,603
848,609
869,618
885,625
899,632
913,639
924,648
932,657
939,664
943,673
944,680
944,688
941,696
936,702
929,710
920,717
908,724
893,732
878,739
859,747
838,754
815,760
789,769
762,776
731,783
699,791
664,801
629,808
590,814
565,824
541,833
523,838
508,840
492,842
478,842
464,840
450,838
438,835
424,831
413,826
403,821
395,814
387,808
381,801
376,795
372,788
368,782
366,775
363,769
361,763
359,756
357,750
358,745
358,739
360,734
362,728
365,722
369,716
375,709
381,701
390,695
399,687
410,679
425,670
446,660
472,651
506,643
542,636
577,627
612,620
643,616
675,611
705,605
733,599
760,593
786,585
807,579
825,573
841,567
857,560
869,553
878,547
885,541
891,534
895,529
897,522
896,516
894,509
890,502
881,495
872,489
861,482
848,475
832,468
814,461
792,453
771,447
746,439
717,433
687,425
657,417
627,410
607,400
594,398
580,394
569,390
556,388
546,386
533,386
524,387
512,390
499,391
486,393
473,393
459,395
446,396
433,396
420,397
410,397
397,399
391,401
382,403
377,406
372,410
369,413
368,415
368,419
369,422
371,426
373,431
377,437
381,445
387,454
395,463
403,474
415,484
430,494
449,506
474,517
503,529
540,541
578,552
614,562
647,572
676,578
707,586
737,594
765,603
793,611
816,621
834,628
852,638
868,646
881,653
890,661
900,669
907,679
911,687
914,696
914,704
913,712
909,720
902,728
893,737
882,744
870,752
855,759
836,767
816,774
794,782
770,791
742,799
714,807
681,816
649,824
622,831
608,846
592,849
578,852
566,855
554,856
542,857
529,855
512,852
496,847
478,842
463,836
447,829
433,823
422,815
411,807
402,798
394,789
388,782
382,774
378,767
375,760
374,753
373,746
374,739
376,734
379,727
383,721
388,713
395,706
404,698
415,690
426,681
441,673
459,664
481,654
507,645
539,636
574,628
611,621
645,615
675,612
706,608
736,603
766,598
793,592
816,587
834,581
855,577
872,571
884,566
895,561
905,557
912,551
917,546
921,541
922,536
922,531
920,526
914,521
908,516
899,511
890,506
874,500
859,494
840,490
822,485
799,479
773,472
747,466
718,461
686,456
654,451
617,445
588,441
570,433
559,431
550,428
542,427
534,426
523,427
514,427
502,426
491,427
479,426
468,426
457,427
447,426
438,427
428,427
422,429
413,431
408,433
404,437
401,441
398,445
397,450
397,456
398,461
401,468
407,476
415,485
424,493
434,503
449,514
471,526
498,538
534,551
572,562
612,572
648,583
679,588
709,591
742,596
774,603
803,609
827,615
847,621
870,627
887,634
903,639
915,645
927,651
936,657
943,663
948,669
951,675
952,681
951,687
948,692
942,698
933,704
923,709
911,715
897,721
880,726
861,731
841,737
818,742
793,748
766,752
736,757
704,762
671,766
633,772
594,778
569,788
552,789
536,795
521,797
505,799
488,799
471,800
456,799
442,796
430,795
418,792
407,789
400,786
394,783
386,779
381,775
376,771
372,768
369,764
370,761
368,756
371,752
371,747
374,743
378,738
383,733
389,728
398,723
408,717
421,711
436,704
454,696
477,688
505,679
542,671
580,664
617,657
653,651
685,646
718,641
749,635
782,628
811,621
834,615
859,609
878,603
897,597
912,591
925,585
938,579
947,573
956,567
961,560
965,554
966,547
966,541
963,535
957,530
951,522
941,516
931,510
915,503
900,497
880,491
859,484
837,477
812,471
784,462
756,456
722,449
688,443
654,436
630,430
612,423
597,418
583,412
570,410
558,409
546,407
535,409
523,410
511,412
499,413
487,414
474,415
462,416
452,418
441,419
432,421
423,423
416,426
412,428
408,431
406,436
404,440
404,445
404,450
405,456
408,462
412,469
418,476
424,484
434,492
445,500
461,510
482,521
509,531
542,542
578,553
618,563
654,572
688,578
719,583
753,591
788,599
814,606
838,613
863,620
883,627
901,634
918,641
933,649
946,657
955,663
962,671
969,678
973,684
974,691
973,698
969,706
965,712
957,720
948,727
936,733
922,740
906,747
888,754
866,761
842,766
817,773
789,779
759,786
727,792
692,801
657,807
619,813
594,822
575,830
557,834
540,841
522,845
506,846
490,843
474,838
458,833
442,827
428,822
414,817
405,811
395,805
388,799
385,793
377,787
376,780
372,774
370,769
368,764
367,759
367,754
368,749
370,743
372,737
376,732
383,725
388,718
398,711
410,704
424,697
440,689
461,681
485,672
516,663
552,656
587,650
623,641
654,637
687,631
718,625
747,619
775,611
802,604
822,596
841,591
861,584
875,577
888,570
899,563
907,557
913,550
917,543
920,537
920,530
918,524
914,516
910,510
900,502
891,495
878,488
863,481
844,473
825,466
803,458
778,449
751,444
722,438
691,428
667,422
648,416
637,411
624,409
613,407
601,407
590,407
577,410
564,410
550,412
536,414
521,416
505,417
490,417
475,419
462,421
449,422
437,423
427,425
418,427
412,430
405,433
401,436
397,439
394,442
392,446
391,451
392,456
394,463
397,469
402,476
409,484
419,492
432,500
450,510
475,521
505,532
543,543
586,554
626,561
664,568
696,571
732,579
772,587
805,593
832,600
862,605
885,614
908,620
928,627
946,634
962,641
976,648
986,655
997,661
1002,667
1009,673
1009,680
1010,686
1008,693
1005,698
999,705
992,712
981,718
968,723
955,731
936,738
917,744
896,750
873,755
846,762
816,768
786,773
752,780
717,786
677,794
640,798
609,810
589,819
571,825
550,834
533,841
517,841
501,838
486,835
471,830
456,825
444,820
432,814
422,809
413,804
405,798
399,792
394,786
388,781
384,775
381,770
377,765
374,761
373,757
372,753
372,748
374,743
377,738
380,733
385,728
391,723
399,717
408,712
419,706
432,700
449,694
469,687
493,678
525,669
561,663
597,654
633,646
668,643
700,638
731,633
763,627
794,621
820,614
840,610
865,603
882,597
899,591
912,586
923,579
933,573
940,568
946,562
950,556
951,551
950,544
948,539
943,533
936,527
927,522
914,515
900,510
885,504
866,497
845,492
824,486
794,477
769,472
741,465
708,460
679,456
656,447
640,442
627,440
613,435
599,431
584,429
569,428
555,428
541,428
527,427
512,427
498,427
484,427
471,428
459,429
446,430
438,432
429,434
422,435
416,438
412,440
409,444
408,448
407,453
406,458
409,464
411,470
415,477
420,484
428,492
438,499
451,508
468,518
492,529
524,541
560,554
597,564
633,575
667,582
698,588
729,595
759,603
790,609
814,617
836,624
854,631
873,637
888,644
900,651
912,658
922,665
929,672
933,678
936,685
936,691
935,698
931,705
925,711
917,719
906,724
893,731
878,737
861,744
842,750
819,756
796,761
770,768
742,774
711,780
676,788
643,793
605,798
582,810
567,817
550,822
535,828
520,831
504,832
488,830
471,826
456,821
440,817
427,812
415,807
405,802
398,796
391,790
387,784
381,777
378,771
375,767
373,761
372,756
373,751
374,745
376,739
379,733
383,728
388,721
395,716
404,711
414,705
430,698
448,691
470,683
498,675
533,669
568,663
603,657
635,651
666,647
698,641
727,635
754,630
782,621
806,615
824,609
843,603
860,596
874,589
885,584
895,578
901,572
906,564
910,559
910,552
909,546
907,539
901,533
895,526
884,520
872,514
857,506
841,500
822,494
799,487
775,479
750,474
722,467
691,461
657,453
623,447
597,438
579,432
566,425
554,420
545,416
535,412
526,411
516,410
506,411
498,412
489,412
479,412
470,413
460,414
450,415
440,417
432,419
424,422
416,425
410,427
405,431
400,435
398,438
395,443
394,448
393,454
394,459
396,466
400,473
405,481
412,490
421,499
433,509
447,518
468,528
492,538
525,547
559,559
596,570
631,580
664,587
694,593
726,600
757,608
785,615
810,623
831,629
849,637
868,644
882,651
895,658
906,665
914,673
921,681
925,688
927,695
927,702
924,708
920,715
912,722
904,729
893,737
879,742
862,749
844,756
823,762
800,769
775,775
748,782
719,788
685,796
653,802
618,809
596,819
580,824
569,826
559,827
549,828
540,825
529,823
518,818
506,813
493,810
480,805
468,801
455,796
445,792
434,787
424,781
415,775
406,769
399,763
394,758
389,752
386,747
385,741
385,735
387,730
388,725
391,719
396,713
402,708
409,701
419,695
431,689
446,681
464,674
485,667
513,659
544,651
579,644
615,637
649,631
680,628
712,625
742,619
771,614
798,608
821,603
839,599
862,593
877,589
891,583
903,578
911,572
919,568
924,563
928,558
929,552
929,547
927,542
920,538
914,532
905,526
893,522
881,517
864,510
846,505
826,500
804,493
776,487
748,480
720,475
689,471
656,466
630,460
614,454
601,451
589,448
578,446
568,444
558,442
546,442
539,442
527,442
515,442
507,443
494,443
486,445
476,445
466,446
456,447
447,448
438,449
431,451
426,453
421,456
420,460
418,463
417,469
419,474
422,480
426,487
432,493
440,500
450,507
467,517
493,528
525,540
560,552
596,561
633,568
664,576
693,579
725,586
755,592
784,598
809,606
830,612
848,618
867,626
882,632
894,638
906,644
913,651
920,657
924,663
926,669
927,676
925,682
920,689
913,695
904,701
893,706
881,713
864,718
847,724
827,731
805,737
781,743
755,748
727,753
696,760
663,764
631,770
596,780
589,787
577,791
564,792
553,800
544,804
533,805
525,803
514,801
501,798
490,795
478,792
468,789
458,785
450,782
442,777
433,772
426,768
418,764
413,758
407,755
404,750
401,745
399,741
398,736
398,732
400,726
402,721
405,716
410,712
418,706
427,701
439,695
454,688
472,682
493,674
522,665
558,659
595,653
629,645
662,642
693,637
724,633
753,627
783,621
809,616
829,610
848,605
866,601
882,594
894,589
904,585
912,579
920,574
925,568
927,564
928,558
926,553
923,548
917,542
909,537
899,531
888,525
874,521
856,513
837,509
818,504
794,496
765,490
739,484
708,479
675,473
641,467
612,462
593,457
578,452
567,445
556,442
545,440
534,440
522,440
510,441
499,441
488,440
475,439
464,437
452,435
443,435
433,434
424,434
415,435
409,436
405,439
402,442
400,446
400,451
400,456
400,461
401,467
404,474
409,480
415,488
424,495
437,505
459,515
490,527
526,536
567,545
609,552
642,561
670,564
706,572
739,580
774,587
803,594
826,600
847,607
871,615
889,622
905,627
919,634
932,641
941,648
949,655
955,661
959,668
960,674
958,681
956,688
951,693
943,701
933,707
922,714
907,720
889,727
871,733
851,739
827,746
801,752
775,758
744,765
712,770
677,777
642,782
615,791
600,800
586,801
571,804
559,807
547,810
535,811
522,810
507,806
489,803
472,801
457,798
443,795
430,793
420,789
412,786
404,782
397,778
391,773
386,770
381,766
378,761
375,757
373,752
374,748
374,744
375,740
379,736
384,730
390,724
397,717
407,710
419,702
432,694
449,686
471,676
496,668
529,659
566,651
602,643
636,637
667,631
698,625
729,618
758,611
789,602
813,594
831,589
852,582
868,573
884,567
896,559
906,552
914,545
919,538
924,529
928,523
927,514
923,507
919,500
913,493
904,485
892,476
879,468
863,461
846,454
826,445
803,437
779,431
750,422
721,414
688,407
660,397
645,390
633,384
622,377
609,375
597,374
587,376
575,379
566,383
554,387
543,390
532,394
520,397
507,400
494,404
482,407
471,411
460,413
450,416
441,421
433,425
428,430
422,435
418,440
415,446
414,453
414,459
415,467
418,475
422,483
428,491
437,501
449,510
465,520
487,530
515,540
548,553
585,564
623,574
658,583
690,589
719,591
751,598
785,604
811,610
834,616
856,623
877,629
893,635
908,641
921,648
932,654
939,660
946,666
951,672
952,678
953,684
950,690
946,696
939,702
930,707
920,714
906,719
890,725
872,731
853,736
831,741
807,747
780,752
751,758
719,763
685,768
652,774
624,781
609,788
590,795
575,798
561,803
549,806
538,809
527,808
515,805
502,802
488,798
474,794
459,793
446,792
434,789
425,787
417,784
410,781
405,777
401,773
397,768
395,764
392,759
392,754
392,749
394,744
395,739
397,734
400,729
405,723
411,719
418,713
428,708
439,703
455,698
471,693
491,687
516,679
550,673
584,666
621,660
656,652
687,648
719,645
750,639
781,633
811,627
832,622
854,617
876,612
893,606
908,602
920,596
932,591
941,586
947,580
951,574
953,569
953,563
952,557
946,553
939,547
931,541
920,537
907,531
893,526
876,521
856,514
834,509
811,504
781,496
753,490
724,484
691,480
655,474
623,468
608,460
596,456
587,452
580,451
574,450
567,450
560,452
553,452
546,453
538,452
530,452
521,450
511,449
501,447
490,446
480,447
470,448
460,450
451,453
444,457
437,460
433,464
432,468
432,472
433,477
435,482
439,489
444,497
452,505
461,514
476,524
496,534
523,545
556,555
594,564
631,573
667,580
699,584
728,588
758,593
793,598
817,602
838,608
861,612
880,618
895,623
910,628
921,633
930,638
938,643
944,648
947,652
949,658
947,661
944,666
940,671
932,675
922,680
910,684
894,689
880,693
860,697
840,702
817,706
790,712
762,717
733,720
701,725
669,729
647,735
629,741
614,744
599,750
584,754
572,756
558,755
544,754
529,754
514,756
499,757
484,759
469,762
455,764
443,766
431,766
421,766
412,765
405,763
398,761
394,758
390,755
389,751
389,745
390,739
391,733
394,728
397,721
402,715
407,710
416,703
426,697
437,690
453,684
470,677
491,669
517,661
550,654
586,648
622,642
658,637
689,634
722,631
753,627
783,622
812,617
835,614
858,609
877,604
894,600
908,596
919,592
931,587
938,583
943,579
948,573
950,569
949,565
946,561
940,556
933,552
924,547
913,543
902,539
886,534
869,530
848,525
828,522
803,517
771,510
741,505
711,501
678,497
654,493
636,485
623,478
613,474
603,471
596,469
589,469
582,469
575,468
566,467
555,465
543,461
531,460
517,456
503,453
488,451
474,449
461,447
449,447
439,448
430,449
423,452
417,456
413,461
411,466
411,472
413,480
417,488
423,496
431,505
442,514
457,523
478,533
505,542
540,553
578,562
618,568
654,577
685,581
713,585
746,591
781,597
810,603
832,608
852,614
875,619
893,625
909,630
922,636
933,642
943,649
950,653
955,659
958,666
958,670
957,675
953,680
947,686
939,690
928,695
915,701
900,707
883,713
864,716
843,721
818,727
792,733
763,737
733,742
700,748
666,753
643,755
628,763
613,769
600,772
587,776
576,778
563,780
549,779
533,780
515,781
497,784
480,786
464,788
450,788
438,788
428,786
419,784
411,781
403,777
396,774
391,770
386,766
383,762
382,757
382,753
384,748
387,743
390,737
396,732
402,725
410,719
421,712
432,706
448,699
466,691
490,683
520,676
556,669
595,662
631,656
665,651
695,647
727,641
757,636
788,629
815,623
836,619
859,614
878,608
893,603
908,598
918,593
928,588
936,582
942,576
945,571
947,565
946,559
943,555
938,548
930,543
922,537
911,532
897,526
881,521
863,515
842,509
822,504
794,496
767,491
738,485
707,480
673,475
644,467
625,463
609,448
597,450
584,445
573,443
563,440
553,442
545,444
536,445
527,446
517,446
508,447
499,447
490,449
480,450
471,451
462,453
453,454
446,457
439,459
434,461
430,465
426,469
423,473
423,477
424,483
426,488
429,494
435,501
440,509
448,516
459,524
475,534
498,543
527,553
560,562
599,572
637,580
675,588
707,594
737,595
770,598
803,604
827,608
853,610
874,617
894,621
910,625
926,629
940,635
951,637
959,643
966,646
971,651
972,654
973,658
972,661
968,665
961,669
953,673
943,676
931,680
916,683
898,687
880,690
860,694
836,698
810,701
780,706
752,710
721,714
685,718
649,720
620,724
602,726
586,727
573,728
562,729
551,730
541,730
531,731
520,733
509,736
497,740
484,743
471,748
458,752
445,756
433,760
422,762
412,763
403,764
395,764
389,764
384,762
380,761
377,759
374,757
372,755
371,753
370,750
370,746
371,741
372,737
375,731
380,726
386,721
393,716
403,710
416,704
430,697
449,689
472,681
505,673
542,665
581,659
618,654
652,649
