#x_position,y_position
428,659
428,659
412,657
398,656
386,657
375,656
368,656
364,655
361,654
359,652
359,651
361,647
363,643
366,638
370,634
375,631
382,626
391,621
403,615
418,608
439,599
463,590
493,582
528,575
569,565
607,559
637,553
667,548
699,540
728,534
755,525
781,520
804,512
826,503
848,495
863,488
877,481
888,474
899,466
908,460
914,451
919,444
922,436
922,429
921,422
918,415
912,407
904,399
896,393
882,384
870,376
851,368
834,360
813,352
789,344
764,336
738,329
711,318
695,311
680,302
669,293
657,292
646,293
636,297
624,301
613,305
600,309
585,314
571,318
556,322
542,325
527,329
512,331
498,335
483,338
472,341
460,345
451,347
444,350
439,353
435,357
432,359
432,363
432,366
435,369
440,372
447,375
456,377
469,379
482,383
500,387
521,393
548,398
581,404
616,412
651,420
684,432
714,436
744,444
771,453
797,462
820,470
843,479
862,489
877,496
890,503
901,511
911,518
920,526
925,533
929,540
931,548
930,555
928,563
924,570
917,577
910,585
900,592
889,598
874,605
857,614
836,621
816,628
792,636
768,642
741,650
712,658
683,664
657,680
642,685
625,693
612,700
596,698
584,696
571,691
557,684
544,679
529,672
515,666
500,660
486,655
472,652
458,649
446,647
433,644
422,641
413,639
404,636
398,633
393,631
391,628
390,626
389,623
390,619
393,615
397,610
403,607
411,601
422,596
437,589
455,582
476,574
503,565
535,556
570,549
607,542
645,534
676,527
709,521
740,513
770,507
797,500
824,493
850,485
869,477
886,471
903,464
917,456
928,449
937,441
946,435
952,428
956,421
958,414
958,408
957,399
953,394
947,385
939,379
929,371
918,364
905,357
889,348
871,343
852,335
829,329
804,321
778,314
748,306
722,301
713,299
704,298
695,300
687,302
679,309
670,317
659,325
650,329
636,333
621,336
606,338
591,340
574,341
558,343
541,346
524,348
511,350
498,354
486,357
477,362
468,365
461,368
456,370
454,374
454,377
457,382
462,386
472,390
484,396
498,401
517,407
544,414
574,420
609,427
645,436
679,444
711,451
742,459
770,466
796,474
822,483
848,492
868,499
885,507
899,513
912,521
925,529
934,536
942,543
947,550
950,558
951,565
950,572
947,578
943,585
935,592
925,598
914,607
902,612
886,619
871,626
847,635
825,642
801,649
776,655
748,662
719,667
688,677
669,682
653,694
638,701
626,700
612,697
599,692
584,688
572,681
558,674
544,668
529,662
515,657
503,654
492,650
482,647
472,644
461,641
453,638
446,634
440,632
436,628
432,624
431,621
429,618
431,616
433,612
437,608
445,603
455,597
466,592
482,586
501,578
527,569
557,561
590,555
624,548
658,540
687,533
717,528
744,520
771,515
796,508
819,501
841,493
860,486
874,480
886,474
896,466
905,460
912,453
917,445
920,438
921,432
921,426
919,418
913,412
906,405
899,399
889,391
876,385
861,378
843,370
825,363
805,358
781,350
756,344
729,337
699,329
680,322
666,312
648,299
634,295
620,294
606,297
594,299
580,302
565,306
550,311
537,315
522,319
510,323
499,327
489,331
480,335
472,340
465,345
460,350
456,354
452,358
450,362
449,367
450,372
453,378
457,385
465,391
474,398
487,405
501,411
519,419
544,427
574,434
609,440
647,448
681,456
714,463
747,470
776,478
806,485
837,493
863,501
882,507
900,514
918,521
933,528
945,535
957,543
966,549
975,556
978,564
982,570
981,577
981,583
976,589
971,595
963,601
954,608
941,614
927,619
910,625
892,630
874,636
849,644
824,650
798,656
768,662
738,668
705,672
674,679
656,685
640,696
623,701
609,700
597,696
585,691
573,686
560,681
547,675
534,669
520,664
508,659
497,654
485,650
473,646
462,642
452,639
442,636
434,633
428,631
423,627
420,624
417,622
417,620
419,619
423,616
428,614
436,611
446,608
460,604
476,599
498,592
525,583
560,575
596,568
632,561
665,554
694,550
725,543
754,536
780,529
805,522
831,515
852,506
869,499
884,492
897,487
909,478
918,472
927,464
933,457
937,450
938,442
938,435
935,428
932,420
926,413
916,406
905,398
894,390
880,382
863,375
843,367
822,357
799,351
773,342
744,334
717,326
703,317
689,306
674,301
659,295
645,297
632,298
619,301
608,305
593,308
580,312
565,314
549,318
534,322
519,326
502,329
486,331
472,335
460,338
450,342
440,346
431,349
425,352
421,355
419,357
419,360
422,363
427,366
434,369
444,371
457,374
473,376
492,379
517,384
548,391
584,396
622,404
659,412
693,421
725,428
754,436
783,445
810,454
839,463
860,472
879,480
896,489
911,496
923,504
934,512
943,521
950,529
954,536
957,545
958,552
957,560
953,568
948,576
939,584
929,590
917,598
903,605
887,612
871,619
848,628
824,636
799,643
772,651
742,659
710,665
677,671
650,679
630,686
615,690
601,691
588,691
574,690
560,687
547,684
533,680
519,674
505,669
492,662
479,657
466,652
454,648
441,644
430,641
421,638
413,635
405,632
399,630
395,627
392,625
391,623
390,619
391,617
394,614
398,610
403,606
411,602
421,597
433,592
449,586
468,579
492,572
524,563
559,555
598,549
636,542
669,535
703,529
736,521
766,514
796,506
823,498
850,490
871,483
888,475
906,468
922,461
934,453
945,444
956,436
962,429
966,422
971,413
971,406
970,397
968,390
962,382
956,374
945,366
934,358
921,350
906,342
888,334
869,327
847,317
822,310
797,300
768,294
737,284
719,273
698,268
683,263
665,261
651,260
635,263
618,268
599,274
580,281
562,287
545,296
530,304
515,311
502,320
491,327
481,334
472,341
464,348
458,354
453,360
449,365
447,369
447,373
449,377
451,381
457,383
462,387
471,391
480,394
490,398
502,403
517,407
532,411
552,416
576,421
603,427
635,436
666,442
694,449
722,455
747,463
770,469
792,476
812,483
831,490
845,497
858,504
866,510
874,516
880,520
884,527
886,532
886,537
884,544
881,550
875,555
867,560
858,566
846,571
830,577
814,583
795,589
774,594
752,601
728,607
701,614
673,619
647,624
629,633
613,638
601,640
589,643
579,643
567,644
558,642
549,641
539,640
529,639
518,638
509,638
498,637
487,636
477,635
466,634
456,634
447,632
439,630
431,628
425,626
419,625
414,623
411,622
409,620
408,618
409,616
411,614
415,610
421,607
431,602
443,596
460,590
482,582
510,573
544,566
580,559
617,553
652,546
683,540
718,533
748,526
777,519
804,512
832,504
855,497
874,490
890,484
906,476
918,470
932,462
939,456
947,448
954,442
957,435
959,428
957,422
954,415
949,409
942,401
934,395
925,387
911,380
896,373
880,366
861,358
840,352
817,344
791,336
764,329
739,324
722,314
705,306
688,300
670,297
654,297
638,302
624,305
609,308
593,310
577,313
562,316
548,319
534,321
521,323
508,326
497,330
486,333
476,336
468,339
461,341
456,343
452,346
450,348
450,351
452,354
456,357
464,360
474,364
486,367
501,371
519,375
539,381
565,388
595,394
628,402
664,410
699,417
729,425
759,431
788,439
815,448
844,456
865,465
884,472
901,479
916,486
929,494
942,502
951,509
958,516
963,523
965,530
967,537
965,545
962,552
956,558
949,566
939,572
927,579
913,586
899,592
882,598
864,605
838,613
812,620
786,627
757,634
727,640
694,646
668,652
643,661
623,671
610,672
594,672
579,671
566,668
551,666
537,662
523,658
509,656
496,653
483,651
471,648
459,647
448,645
438,643
428,642
419,641
412,640
406,639
400,637
397,636
395,634
393,632
394,629
394,626
396,622
399,618
404,614
410,609
419,603
431,598
445,591
463,584
485,576
513,568
547,561
582,554
619,546
653,539
685,533
717,526
750,520
778,513
805,506
832,498
856,490
874,483
890,477
906,469
919,462
931,455
939,448
945,441
950,434
953,427
953,420
953,412
950,406
944,398
937,391
929,384
917,377
904,370
889,362
872,356
851,347
831,340
806,333
780,324
751,317
727,309
713,302
695,294
678,291
659,290
644,292
628,295
612,300
597,301
580,304
565,308
550,312
536,315
523,320
512,326
501,332
492,336
484,341
477,344
472,347
468,350
466,352
465,355
467,358
468,362
474,364
482,367
491,371
501,377
516,380
533,385
551,390
574,396
602,402
635,408
668,414
701,422
729,431
757,438
783,445
809,452
834,461
855,469
872,477
887,484
899,491
910,499
920,506
927,513
932,520
935,528
936,534
935,541
932,548
927,555
919,561
909,569
899,574
888,580
874,588
856,594
834,601
813,608
789,614
761,621
734,628
706,633
687,641
672,633
662,640
641,656
627,658
615,656
601,654
588,651
576,645
563,642
549,639
534,636
521,634
508,630
496,627
484,625
472,623
460,621
451,619
443,618
436,617
431,616
428,615
426,614
428,613
431,611
437,608
446,604
457,599
473,594
492,587
517,579
549,572
584,565
621,559
656,551
685,546
717,539
746,533
774,526
801,519
825,512
849,504
867,498
883,491
895,485
909,477
919,470
928,464
934,457
939,449
942,443
942,436
940,428
937,422
932,414
923,406
915,399
903,392
889,384
873,378
855,370
834,362
812,355
786,346
759,339
730,331
705,325
693,317
679,311
664,311
649,313
634,313
621,315
610,318
598,321
586,322
572,324
559,326
547,328
534,332
521,333
510,335
499,337
491,342
482,346
476,350
470,356
465,360
462,365
462,369
464,373
469,377
475,381
484,386
495,390
509,395
525,402
543,408
564,414
589,421
617,427
649,434
681,441
712,447
741,454
768,462
793,469
817,476
842,484
861,491
877,497
891,505
902,511
910,518
919,523
924,530
930,537
930,544
931,551
927,557
922,563
915,569
906,576
895,582
884,587
870,593
851,600
831,606
808,613
785,620
758,627
730,632
703,636
679,644
658,649
641,657
626,664
612,667
597,668
584,666
571,664
557,660
543,657
530,652
516,649
503,646
491,643
479,640
468,638
457,636
448,633
440,631
433,628
428,625
424,621
421,617
420,614
421,611
423,607
426,602
433,598
441,592
453,586
469,579
488,571
516,561
548,552
583,545
619,537
653,530
685,524
716,517
746,510
775,503
801,496
828,489
851,480
869,474
884,467
899,460
911,453
922,445
931,437
936,431
941,423
943,416
943,409
941,401
938,394
933,386
924,379
913,372
902,364
888,356
872,349
853,341
834,334
810,326
785,317
758,311
730,303
711,296
693,288
676,281
658,277
642,275
627,276
611,279
596,283
582,287
566,291
552,297
538,303
525,309
513,315
503,321
494,327
486,333
479,338
472,343
467,348
463,353
461,358
459,362
459,367
462,371
465,375
470,378
477,382
485,384
495,386
508,389
523,392
540,394
563,399
592,404
624,410
658,417
691,426
721,432
750,441
777,448
803,457
830,466
850,475
868,483
882,490
895,498
906,505
914,513
922,520
926,528
930,535
930,543
929,550
926,557
921,564
913,571
904,578
893,584
881,591
868,598
849,606
828,613
805,620
780,628
754,634
725,641
697,646
673,653
655,662
639,673
624,675
611,674
596,672
582,667
567,662
551,659
535,655
519,653
504,650
492,646
478,643
465,640
453,637
443,634
433,630
426,627
419,624
413,621
409,619
407,617
405,615
406,612
408,610
412,607
420,602
429,598
441,593
456,587
475,581
498,575
527,568
563,560
601,551
640,546
674,538
705,534
741,527
772,521
802,515
832,508
859,501
881,495
898,490
917,483
934,475
948,470
961,462
969,455
977,449
983,443
987,436
988,429
988,423
985,416
980,410
974,403
966,396
956,389
942,383
927,376
911,370
891,363
870,357
845,351
821,344
793,336
765,331
744,322
730,318
715,307
698,297
684,295
668,294
653,295
637,299
621,305
605,309
588,313
571,316
556,319
540,323
526,326
513,330
500,334
490,340
480,345
472,350
465,356
461,360
457,365
455,368
456,372
459,375
464,378
471,381
482,383
493,387
508,389
524,392
544,395
566,399
593,405
624,410
658,414
691,425
722,434
750,441
778,450
805,459
833,470
856,480
874,488
891,497
904,505
917,514
928,523
937,532
944,540
947,548
949,557
949,565
946,573
943,580
935,589
926,596
917,605
905,613
890,621
874,628
853,638
832,646
809,654
784,662
754,669
727,675
694,683
661,696
643,705
630,709
615,712
601,711
590,705
575,699
563,692
549,684
537,676
525,666
513,659
501,652
490,645
478,639
468,633
459,627
451,623
446,618
441,614
437,610
434,607
434,603
435,601
439,598
444,594
454,590
466,585
482,580
502,574
526,566
556,560
589,552
625,545
660,538
692,533
723,527
754,521
781,514
808,508
834,501
856,495
876,487
890,482
906,475
918,469
928,462
936,455
943,449
948,442
951,436
951,430
950,423
947,416
942,410
933,403
926,396
913,390
899,383
883,377
865,370
844,363
823,356
798,349
771,344
744,335
727,329
708,321
691,312
675,309
659,307
643,309
626,309
611,311
593,313
575,313
559,317
542,319
527,321
514,324
501,328
492,331
481,336
473,341
467,346
461,350
457,355
454,358
453,362
454,364
458,367
464,371
471,375
483,380
495,386
511,392
529,398
550,404
576,413
606,417
640,424
673,431
706,439
735,445
762,453
790,459
814,467
841,475
861,483
878,490
892,496
907,503
917,510
926,517
934,524
939,531
942,537
943,544
943,551
938,557
933,563
926,570
916,575
907,581
893,587
879,592
862,599
840,606
818,612
793,618
768,624
739,630
709,635
679,640
655,644
642,647
626,661
611,661
594,662
581,660
568,658
555,654
543,650
533,646
522,642
512,640
502,636
492,633
482,629
473,626
464,623
457,621
450,619
445,617
441,616
438,613
436,612
436,610
437,608
439,605
445,603
452,600
463,596
477,592
495,588
517,581
545,574
579,566
614,560
648,554
679,547
709,543
740,536
767,530
794,524
819,517
842,510
861,503
877,497
889,491
901,485
912,478
920,473
927,466
930,460
933,453
933,448
931,441
927,435
922,429
914,423
905,417
894,411
879,405
864,399
847,391
826,385
805,378
778,370
752,363
727,358
711,350
697,341
685,334
671,325
656,317
644,311
633,309
621,309
609,309
597,310
583,311
569,314
554,316
539,319
525,323
513,326
501,328
491,331
483,334
477,336
472,340
468,344
465,348
464,352
466,356
468,360
473,364
481,367
491,372
505,375
519,380
537,384
556,389
580,396
610,403
642,409
675,415
707,424
736,433
762,439
789,447
815,455
840,464
860,473
876,479
891,487
903,494
915,502
924,510
930,517
936,525
939,531
939,539
938,546
934,555
928,561
920,568
910,575
899,582
886,588
872,594
854,602
831,610
809,616
784,624
757,631
729,638
699,644
680,650
665,658
650,665
637,667
623,668
611,666
597,665
585,661
573,658
559,654
545,651
532,648
520,646
509,643
497,641
486,638
474,636
465,634
455,632
446,631
440,630
436,627
434,626
432,624
434,620
439,617
445,613
454,609
467,603
483,597
504,590
530,580
562,572
597,564
632,556
666,549
697,541
727,534
758,526
786,519
813,512
840,503
861,495
880,487
894,480
909,471
922,464
931,455
940,447
946,440
951,432
953,424
953,416
951,409
947,400
942,393
933,385
923,376
912,369
897,361
882,353
863,344
843,335
821,328
795,319
768,312
738,302
717,291
697,278
684,271
669,265
654,263
638,263
624,266
609,269
595,273
581,278
567,283
552,292
538,298
525,305
511,311
499,317
490,323
481,329
474,336
469,342
464,349
461,353
459,357
458,361
459,364
463,367
469,370
479,373
490,377
506,382
520,387
539,393
562,400
588,408
619,416
651,423
684,432
713,440
740,447
767,455
791,463
815,472
838,482
857,490
873,497
885,506
897,514
906,522
912,530
918,539
921,546
922,554
921,562
918,569
913,577
906,584
897,592
886,599
874,607
859,615
837,624
818,631
796,638
772,645
744,653
716,660
687,665
656,674
637,680
623,689
609,692
599,695
587,693
577,690
566,685
555,680
544,674
533,668
521,662
510,656
499,651
489,645
478,640
468,636
459,631
452,627
445,622
440,619
436,616
434,613
432,610
431,607
432,604
435,602
440,599
447,595
456,590
469,584
486,578
507,570
533,563
567,555
601,547
638,542
672,535
701,529
731,523
760,517
787,510
813,503
839,496
858,489
875,483
889,477
905,469
916,463
926,456
934,449
939,442
942,435
944,429
943,422
941,414
936,408
930,400
921,394
910,387
898,380
883,373
868,365
847,358
826,352
803,343
777,336
749,330
720,323
692,314
672,307
651,297
635,293
619,293
605,293
591,294
577,296
562,297
548,299
535,300
521,301
510,304
498,308
487,311
479,314
471,318
463,322
457,326
452,329
448,332
444,334
443,337
443,340
445,343
449,346
455,349
465,353
477,357
491,361
508,367
527,373
550,379
581,389
617,398
656,402
692,413
724,422
756,431
785,439
814,449
845,460
868,468
889,478
907,487
926,496
940,504
953,514
963,523
972,532
979,541
984,549
986,558
986,566
986,575
981,583
974,592
967,601
957,611
944,618
929,626
912,635
892,644
872,651
848,660
823,669
795,676
764,685
