#x_position,y_position
569,365
569,365
545,362
521,360
498,357
477,352
457,350
441,350
425,349
414,352
403,354
396,358
392,363
391,368
391,374
395,382
401,390
410,399
422,409
439,421
460,433
488,446
524,459
566,470
609,479
650,485
688,492
726,503
762,509
807,519
838,526
868,532
894,540
921,546
945,556
971,563
992,570
1012,577
1028,584
1041,591
1052,599
1062,606
1071,612
1076,621
1078,626
1078,635
1078,642
1074,650
1068,655
1061,664
1052,671
1039,678
1024,684
1006,694
988,700
967,707
943,715
918,722
888,729
860,736
829,743
810,743
782,731
775,761
761,761
742,755
723,750
697,736
673,730
645,722
620,719
590,713
564,709
539,704
513,700
486,696
462,695
443,693
429,687
417,680
407,674
402,663
402,654
406,641
414,629
424,617
438,605
459,594
487,583
522,574
562,567
601,562
645,559
687,553
723,542
751,535
786,535
817,532
843,530
870,526
893,522
916,517
936,512
954,507
972,502
984,498
998,492
1007,487
1015,484
1020,480
1024,476
1026,472
1027,468
1023,463
1018,458
1012,452
1004,449
993,445
980,440
965,434
946,431
926,424
903,419
878,415
852,410
823,405
791,398
758,394
737,386
725,377
713,371
700,363
685,357
670,354
653,350
638,350
620,351
602,351
583,351
564,350
545,347
527,342
509,339
493,336
477,337
462,339
449,343
437,347
426,351
416,355
409,359
404,364
401,370
401,378
405,386
412,395
422,404
436,415
453,425
477,436
506,448
543,459
583,470
622,478
661,487
697,497
732,505
763,512
802,520
832,527
856,534
882,541
905,550
926,559
944,567
963,574
978,583
992,590
1002,599
1009,605
1016,613
1020,621
1022,627
1021,636
1019,643
1014,651
1007,659
998,667
986,674
973,681
957,689
939,697
918,704
894,712
870,719
844,727
813,735
787,739
772,748
754,754
735,751
714,748
691,746
669,745
645,745
618,742
592,742
565,742
538,740
511,738
486,735
461,730
439,724
418,718
401,711
389,703
380,693
377,682
377,668
380,656
387,644
400,633
416,620
439,608
468,596
504,586
543,578
585,570
629,565
671,557
705,549
738,545
775,543
810,536
839,531
868,524
892,518
915,511
936,505
957,499
978,492
995,484
1008,478
1020,471
1029,466
1037,459
1042,453
1048,446
1049,439
1048,432
1046,426
1041,418
1033,412
1025,404
1012,397
999,390
984,383
965,375
943,368
920,360
894,351
864,345
835,336
801,329
784,321
775,313
769,306
763,306
755,308
743,313
729,318
714,322
696,325
677,330
657,332
634,334
610,336
585,338
562,339
540,341
518,343
496,342
477,343
460,346
446,351
434,357
428,363
427,371
430,379
439,388
453,398
473,409
498,420
535,436
578,446
619,454
662,464
697,472
737,484
770,490
813,500
842,509
873,516
900,524
926,532
949,541
973,550
994,560
1012,567
1028,576
1040,585
1050,592
1060,601
1067,609
1071,618
1073,626
1073,635
1070,642
1066,650
1059,658
1050,667
1040,675
1026,684
1010,692
993,700
971,708
949,717
924,726
896,735
866,743
832,752
797,760
770,767
753,778
735,780
719,780
702,776
681,770
659,766
637,763
612,758
588,755
563,750
535,744
509,737
483,730
460,723
440,716
422,708
410,697
401,686
395,673
393,660
395,648
401,634
412,622
428,610
449,598
476,589
511,580
550,573
592,569
638,566
681,560
722,556
756,549
789,547
827,543
857,538
888,534
915,530
942,525
968,519
990,515
1011,509
1032,504
1049,500
1063,494
1074,489
1083,483
1092,477
1098,473
1100,467
1102,462
1101,457
1098,452
1094,446
1086,439
1077,434
1065,428
1050,422
1034,416
1014,411
994,404
970,398
943,393
916,385
885,379
851,372
816,367
795,358
784,354
777,352
768,358
757,359
743,358
727,356
709,354
689,353
667,353
642,353
615,354
588,355
559,356
533,357
505,356
481,356
461,357
442,357
425,359
413,361
402,365
397,371
394,378
397,387
403,397
414,408
431,419
453,431
480,444
514,457
556,469
599,478
642,487
681,496
720,504
756,511
799,521
832,530
863,537
890,544
916,553
939,563
965,571
987,579
1004,587
1020,596
1034,603
1047,611
1055,620
1063,628
1068,636
1071,643
1071,651
1070,659
1066,666
1061,675
1053,682
1043,691
1031,699
1015,706
999,714
980,724
958,731
934,740
909,748
880,756
849,763
816,770
796,775
776,780
755,778
735,774
715,769
692,767
670,768
647,768
621,767
593,764
566,761
536,758
507,752
478,746
451,738
426,728
407,718
390,709
378,701
371,689
368,676
372,663
379,650
392,637
410,624
434,612
465,599
501,588
542,579
587,571
632,566
677,562
717,559
754,556
792,551
831,546
863,542
892,538
923,534
947,530
975,524
996,520
1021,516
1041,510
1057,506
1071,502
1083,496
1092,492
1100,486
1106,482
1111,477
1114,471
1113,467
1111,463
1106,457
1101,451
1091,447
1079,440
1066,436
1050,430
1031,425
1011,419
988,413
962,408
934,402
904,396
875,390
840,385
815,378
798,379
786,371
771,367
754,367
736,366
717,365
695,366
673,363
649,361
622,361
593,361
564,362
538,361
513,361
488,358
467,356
448,356
432,358
419,361
410,365
402,370
398,376
396,384
397,393
401,402
409,412
420,423
436,434
457,447
484,459
518,472
558,483
599,492
640,501
677,509
715,517
746,524
785,531
818,539
845,546
873,552
898,561
921,569
943,577
963,585
981,593
995,600
1008,607
1018,614
1027,623
1032,629
1036,638
1037,644
1037,652
1035,660
1029,668
1023,676
1012,683
1000,691
986,698
970,706
952,714
930,721
906,729
881,737
852,745
820,752
794,762
772,770
753,773
735,778
717,779
696,781
672,781
650,781
624,778
597,774
570,772
542,766
515,761
488,755
462,749
439,740
419,732
405,723
396,711
391,699
390,684
394,669
403,653
416,638
435,623
461,610
493,598
531,586
572,575
617,566
662,559
707,553
745,547
787,538
827,532
859,525
888,518
918,511
943,505
972,497
996,488
1018,483
1037,476
1055,470
1072,463
1085,456
1097,450
1107,443
1115,436
1120,428
1124,420
1124,412
1122,405
1118,397
1111,390
1102,383
1093,374
1081,367
1065,358
1049,351
1029,342
1007,334
983,325
957,316
928,308
897,300
872,300
872,294
851,314
849,312
841,304
832,297
821,292
807,290
791,293
777,283
764,268
740,267
719,271
697,276
675,292
653,300
628,306
598,321
571,332
542,344
515,354
495,364
481,374
475,385
475,397
482,409
498,418
521,430
553,443
592,453
633,460
672,467
711,478
746,486
784,493
820,501
849,508
878,515
902,521
927,530
948,536
971,543
990,554
1007,560
1021,565
1032,573
1042,580
1048,587
1054,593
1057,601
1058,608
1056,615
1053,622
1047,628
1039,635
1030,642
1017,650
1002,656
987,663
967,670
947,677
923,685
896,691
869,698
839,705
805,711
774,717
752,723
729,725
722,726
703,723
687,716
667,708
645,702
621,697
594,693
569,691
542,691
515,691
485,691
459,689
438,684
420,679
405,674
395,669
392,661
394,651
400,641
411,628
425,617
445,606
470,597
501,588
536,582
576,576
618,573
665,569
707,560
740,547
775,543
810,539
841,534
873,527
898,521
925,515
948,507
975,502
995,491
1015,487
1032,479
1047,472
1060,466
1068,458
1077,451
1080,443
1084,436
1085,429
1084,421
1082,414
1077,407
1070,399
1060,392
1049,384
1035,376
1019,369
1001,360
980,352
958,344
932,336
905,329
874,321
845,313
829,305
819,303
810,303
800,302
789,302
774,299
758,298
736,296
713,297
686,300
656,302
623,309
594,313
564,321
535,327
509,333
486,338
465,344
447,351
433,358
421,366
415,374
414,382
417,390
425,400
439,411
458,421
483,430
514,442
557,453
600,461
646,470
686,478
728,488
760,495
805,505
838,513
873,520
899,526
926,535
952,543
979,551
1001,562
1022,566
1039,574
1053,581
1066,589
1076,597
1084,604
1091,611
1095,619
1097,625
1097,634
1095,641
1091,649
1084,655
1075,663
1066,669
1053,677
1038,685
1021,692
1002,699
980,707
957,714
930,721
902,729
870,736
838,743
803,750
776,763
756,756
741,755
728,751
710,748
684,737
652,724
622,721
591,718
561,715
529,712
496,711
466,706
439,703
417,697
401,693
390,684
386,672
389,659
397,646
409,634
426,622
447,609
475,598
507,589
545,582
585,575
630,570
670,554
719,557
752,547
786,543
820,538
849,534
880,527
907,521
932,514
957,507
981,500
1001,493
1020,487
1036,479
1050,473
1060,467
1069,460
1077,453
1082,447
1084,440
1086,433
1085,426
1082,419
1077,412
1069,405
1059,399
1047,391
1034,385
1017,377
999,370
978,363
955,355
930,349
902,340
873,334
843,326
808,318
788,310
772,306
762,304
753,307
742,312
729,317
713,324
693,328
673,331
651,332
623,330
596,331
569,334
543,336
516,339
491,341
470,345
452,349
440,355
428,361
423,365
419,370
420,375
424,381
432,389
446,397
464,406
490,416
521,428
565,442
608,450
653,461
692,466
731,477
763,485
806,495
837,503
871,512
896,519
923,527
947,534
971,544
990,555
1012,562
1027,569
1041,577
1051,585
1059,592
1068,601
1072,608
1074,617
1074,625
1074,633
1070,639
1063,648
1055,656
1045,664
1033,672
1020,680
1001,687
982,695
961,704
937,711
910,719
883,727
852,734
817,743
786,750
761,742
751,752
743,755
732,756
720,755
705,755
685,753
665,751
642,749
612,739
585,735
557,728
530,720
502,713
477,704
454,695
436,685
420,678
409,667
403,659
401,649
404,638
412,625
424,614
443,602
465,593
497,583
534,575
574,566
617,563
662,560
700,551
733,545
766,543
800,537
833,533
863,529
889,522
912,517
935,512
956,506
978,500
996,492
1010,488
1024,482
1035,475
1044,470
1049,464
1053,458
1056,452
1055,446
1054,441
1050,434
1043,428
1035,422
1024,415
1011,409
996,402
977,396
958,388
935,382
911,375
885,368
855,362
823,354
798,347
778,340
764,335
751,332
735,330
720,329
700,329
677,328
651,327
623,323
596,321
570,323
543,326
518,329
493,331
471,333
451,336
437,342
425,349
416,355
411,362
411,369
413,377
419,386
431,396
449,406
470,417
498,428
531,441
577,454
621,463
666,472
707,480
747,486
787,494
826,502
857,508
889,516
915,522
944,530
971,536
993,543
1017,551
1036,558
1052,564
1066,571
1077,578
1086,585
1094,592
1100,598
1103,604
1104,610
1103,618
1100,624
1095,631
1088,638
1079,644
1067,650
1053,656
1038,663
1019,669
999,675
977,682
953,687
925,695
896,700
867,705
834,711
799,718
776,720
753,731
737,724
721,723
704,723
684,722
662,724
637,723
610,723
581,718
550,716
520,713
490,710
462,707
435,705
412,702
394,697
381,692
371,684
371,676
374,663
382,650
395,635
413,621
436,609
464,597
499,581
538,573
583,563
628,557
673,554
717,546
751,542
786,540
821,538
852,534
884,529
909,527
937,522
962,518
986,514
1004,509
1025,505
1041,501
1055,496
1065,492
1074,488
1081,484
1087,479
1090,475
1092,470
1091,467
1088,462
1083,458
1076,453
1066,450
1056,443
1042,440
1027,435
1008,431
989,426
966,421
943,416
916,411
888,406
857,401
823,397
789,393
760,384
742,377
729,377
716,379
703,380
688,382
674,385
656,384
639,383
620,382
599,378
580,376
559,375
540,372
521,373
504,373
487,373
471,374
454,373
441,372
431,373
423,376
417,379
415,384
416,389
420,395
429,402
443,410
463,420
490,432
526,447
570,457
614,467
658,473
699,480
739,492
772,498
816,508
846,513
879,521
906,527
935,535
961,543
984,549
1005,558
1028,564
1043,570
1058,576
1070,583
1080,591
1087,597
1093,603
1097,611
1099,618
1098,624
1096,631
1091,637
1083,644
1075,651
1064,658
1050,664
1035,670
1016,677
996,684
974,691
950,697
923,703
893,711
863,717
830,723
798,726
764,722
748,725
736,724
725,723
708,719
691,717
670,716
647,714
622,713
597,716
572,715
548,716
523,714
499,709
476,707
453,701
435,697
421,693
411,688
403,680
399,672
400,663
404,654
410,646
420,639
435,631
454,623
479,615
508,607
544,601
582,596
625,590
670,583
712,574
745,563
783,560
817,561
847,554
879,547
906,543
933,537
957,531
983,525
1002,519
1023,511
1040,506
1054,500
1065,493
1075,487
1082,480
1089,474
1093,468
1094,462
1094,456
1091,449
1087,443
1080,437
1071,430
1060,423
1047,417
1032,411
1015,404
996,398
973,391
950,384
924,378
897,371
867,365
836,359
810,351
798,345
790,346
778,348
767,352
752,361
738,362
723,362
707,363
690,361
670,359
646,358
619,356
592,355
568,358
546,361
523,364
501,367
479,369
460,373
446,377
436,382
429,387
428,393
432,400
441,408
456,417
477,427
504,439
541,450
579,458
620,466
661,473
702,482
740,493
771,501
811,510
841,517
873,524
898,531
924,539
945,548
971,555
991,563
1009,570
1025,577
1037,584
1047,591
1056,598
1063,605
1066,613
1068,620
1069,627
1067,635
1063,641
1056,649
1048,656
1038,663
1025,670
1010,677
993,684
973,690
953,698
928,705
902,712
874,718
844,726
810,734
781,741
754,747
726,727
717,726
699,721
685,718
670,722
645,715
619,711
595,711
572,711
549,713
526,712
502,709
478,705
457,700
438,694
424,688
413,682
406,675
402,667
402,659
405,650
412,642
424,631
440,621
461,612
487,604
520,596
558,590
597,584
640,578
684,568
723,556
762,551
798,549
835,545
869,539
900,533
929,528
956,521
984,515
1008,507
1033,501
1053,494
1069,489
1083,482
1096,477
1106,469
1116,464
1122,459
1129,451
1132,444
1132,439
1129,432
1124,428
1118,422
1112,416
1103,408
1090,402
1077,396
1062,388
1044,383
1022,375
1002,369
978,361
951,354
922,347
892,340
860,333
825,324
794,319
775,329
763,329
747,328
729,329
712,331
699,320
676,325
654,325
631,320
607,320
584,322
562,327
539,333
517,338
499,345
481,351
466,357
452,364
439,370
430,375
424,381
420,386
419,391
422,396
429,401
441,407
457,415
480,425
511,436
551,448
594,457
639,464
683,470
725,482
758,490
800,497
833,505
868,512
896,518
926,526
952,534
979,543
1001,551
1025,558
1042,565
1058,573
1072,580
1084,589
1094,595
1101,602
1106,610
1108,617
1111,625
1110,632
1106,639
1101,647
1093,654
1083,662
1072,669
1057,676
1041,683
1023,691
1001,698
977,705
954,712
925,719
893,727
864,734
828,741
791,749
764,756
741,758
723,759
708,760
692,758
674,756
651,752
624,747
596,741
568,737
541,732
514,725
487,716
464,708
441,701
423,695
408,690
398,681
393,670
392,658
395,648
403,636
414,626
431,614
455,603
484,592
520,582
560,574
603,567
648,563
688,555
723,547
755,542
790,539
822,537
850,532
879,527
903,521
925,516
945,509
966,504
984,497
1000,491
1011,486
1024,480
1033,474
1039,468
1042,464
1046,458
1046,452
1044,446
1041,440
1035,434
1027,428
1017,422
1005,414
990,410
973,403
955,397
932,390
909,384
884,377
855,369
823,363
796,354
777,348
764,343
752,337
738,336
725,337
709,339
690,341
669,341
645,342
619,344
590,344
562,344
536,346
510,346
485,347
463,349
444,350
429,353
416,356
406,361
400,366
399,374
402,382
410,393
423,403
439,413
461,425
487,437
518,449
562,464
608,471
653,479
696,489
737,494
770,500
814,507
846,512
879,517
906,522
935,529
963,535
986,540
1009,549
1032,553
1049,558
1063,563
1074,569
1085,575
1095,581
1101,586
1105,592
1108,597
1108,603
1106,609
1102,613
1095,620
1086,625
1077,631
1064,637
1049,643
1031,648
1011,654
990,660
965,665
938,671
909,677
878,683
845,687
810,691
786,697
766,701
749,699
732,694
713,686
693,681
671,675
650,673
626,674
601,677
574,678
547,682
517,684
487,686
459,687
437,686
419,682
405,677
396,671
393,663
395,655
401,645
413,634
426,624
444,614
468,604
498,594
532,586
574,579
617,572
661,566
705,558
741,550
779,546
817,542
848,535
881,529
908,524
936,516
964,509
987,501
1011,493
1030,489
1048,482
1062,475
1076,468
1085,462
1094,454
1100,448
1104,441
1106,435
1106,427
1105,421
1101,414
1095,407
1086,400
1077,393
1064,386
1049,379
1032,371
1011,365
991,357
967,350
941,343
913,336
881,328
850,320
819,313
794,303
774,296
757,289
742,283
726,279
708,275
689,270
671,269
651,266
631,267
609,268
587,273
568,276
549,282
529,288
509,295
490,304
471,314
455,327
442,340
436,355
432,369
434,383
441,398
454,413
472,426
496,439
527,452
569,465
612,474
654,483
700,491
739,497
780,504
818,511
851,518
882,524
910,532
936,537
964,545
986,552
1009,560
1029,565
1043,571
1058,577
1069,583
1080,589
1087,596
1093,602
1096,608
1099,613
1098,619
1096,625
1089,632
1084,637
1073,643
1064,649
1051,656
1033,662
1015,667
995,673
972,679
948,684
921,690
891,695
861,702
826,707
796,712
776,709
762,709
745,710
