#x_position,y_position
847,880
847,880
805,891
770,872
746,886
718,885
689,881
659,872
630,862
602,850
572,837
546,821
529,804
517,786
510,769
510,752
518,736
531,721
552,711
584,699
633,689
683,684
740,682
801,678
856,674
916,666
968,665
1022,660
1077,659
1126,652
1174,648
1218,644
1262,641
1304,639
1342,635
1379,632
1412,629
1446,627
1474,623
1502,620
1526,619
1550,614
1572,611
1590,609
1607,607
1622,604
1635,601
1647,599
1655,595
1661,593
1665,591
1668,587
1669,584
1668,581
1665,578
1660,577
1652,575
1642,572
1631,570
1617,567
1601,565
1583,562
1561,561
1538,557
1513,556
1486,553
1456,551
1423,548
1389,546
1351,544
1313,542
1271,540
1227,538
1180,535
1132,535
1084,531
1031,528
974,525
913,524
849,520
808,523
774,521
742,519
712,520
684,523
655,527
628,529
602,532
577,534
554,537
535,540
521,545
513,550
509,557
513,565
526,574
548,585
575,595
618,609
668,617
721,627
785,635
844,639
905,649
962,651
1020,658
1080,665
1131,667
1181,672
1230,677
1275,682
1318,684
1359,690
1398,694
1435,697
1469,702
1500,708
1529,712
1558,716
1585,722
1606,728
1626,733
1645,738
1662,742
1677,748
1689,752
1700,756
1708,762
1716,766
1721,770
1724,776
1722,781
1719,786
1715,791
1710,796
1702,802
1692,808
1679,813
1665,819
1645,826
1631,831
1608,837
1587,843
1562,848
1536,854
1506,860
1476,866
1440,873
1405,880
1366,886
1324,893
1282,899
1238,904
1189,912
1139,918
1087,926
1034,933
977,940
915,947
856,954
811,957
778,961
747,961
715,958
683,947
648,934
615,918
579,901
548,883
525,859
508,836
499,811
495,788
501,767
517,750
539,734
570,721
620,705
676,699
736,693
800,685
856,678
918,671
973,668
1027,662
1083,656
1135,648
1183,642
1229,636
1275,631
1316,626
1355,620
1394,614
1428,608
1462,603
1492,598
1522,592
1548,587
1573,581
1597,577
1619,571
1636,566
1652,561
1666,555
1678,550
1686,544
1696,540
1700,535
1704,530
1706,525
1706,522
1703,516
1698,512
1692,507
1685,501
1672,496
1660,491
1647,486
1628,482
1608,476
1587,472
1563,466
1537,461
1509,456
1480,450
1444,445
1410,442
1370,435
1329,431
1286,427
1241,421
1191,415
1143,410
1088,404
1033,399
975,393
913,388
865,384
833,383
803,385
775,389
745,396
716,403
684,412
654,421
623,431
592,440
565,453
540,468
520,482
504,496
494,508
491,523
498,536
513,549
536,562
569,575
616,587
672,594
729,599
795,606
859,613
922,620
985,622
1033,627
1101,637
1152,636
1203,642
1253,648
1298,653
1342,657
1382,663
1422,667
1458,671
1491,676
1523,680
1552,684
1580,688
1606,692
1628,699
1648,702
1667,707
1683,713
1693,719
1709,722
1716,729
1728,734
1737,737
1741,739
1744,746
1745,751
1742,758
1738,763
1732,769
1724,774
1713,779
1701,783
1686,789
1669,795
1650,799
1629,805
1606,809
1582,816
1554,822
1525,827
1494,834
1460,839
1426,846
1386,853
1348,858
1306,865
1262,871
1216,877
1167,884
1117,890
1062,897
1007,904
949,910
888,916
835,924
800,933
767,928
738,933
708,930
676,926
645,917
614,906
582,894
549,877
525,858
510,836
499,815
496,793
500,773
513,756
530,740
556,729
595,715
650,708
705,701
767,694
825,690
889,682
945,678
999,671
1056,672
1113,664
1160,660
1208,656
1253,651
1298,647
1336,643
1375,638
1412,633
1445,630
1476,628
1505,624
1531,620
1556,617
1579,613
1599,611
1619,607
1634,603
1648,600
1659,595
1670,593
1677,589
1684,587
1687,584
1690,580
1689,577
1688,572
1684,570
1677,568
1671,565
1662,560
1649,557
1636,556
1622,552
1602,547
1583,546
1561,542
1537,540
1509,537
1484,534
1453,532
1420,529
1385,525
1349,524
1309,520
1268,518
1225,514
1180,512
1133,510
1086,506
1031,502
980,499
921,498
865,495
808,492
759,491
725,482
698,484
671,490
644,496
617,504
590,511
564,516
541,519
525,523
514,528
508,535
507,545
511,556
522,569
540,581
567,594
605,606
651,617
703,623
761,631
821,636
881,642
935,644
992,643
1043,650
1099,652
1146,653
1191,655
1238,660
1280,662
1319,664
1357,667
1393,670
1425,672
1455,672
1483,675
1508,677
1530,679
1553,682
1572,684
1590,687
1606,690
1620,691
1631,694
1642,700
1649,703
1655,705
1658,707
1659,711
1658,713
1654,716
1649,720
1642,722
1633,725
1622,729
1608,732
1592,736
1574,739
1551,742
1530,745
1506,748
1478,753
1451,755
1421,760
1385,764
1351,768
1315,772
1274,777
1232,779
1186,784
1140,788
1090,792
1038,796
985,801
928,805
870,810
815,812
788,803
759,814
732,807
706,805
677,803
648,798
620,795
591,790
559,782
538,773
525,762
519,749
522,735
532,724
551,713
577,702
619,693
667,687
722,682
781,678
836,673
898,664
950,662
1002,657
1055,657
1108,650
1153,645
1198,641
1240,638
1281,634
1319,631
1353,628
1388,624
1417,621
1446,618
1473,615
1494,613
1514,611
1536,609
1552,604
1568,602
1580,599
1593,596
1599,594
1605,591
1612,589
1613,586
1614,583
1615,581
1613,579
1608,577
1601,574
1593,571
1581,569
1569,567
1556,564
1538,563
1520,559
1500,556
1476,554
1453,552
1426,550
1397,546
1367,544
1334,541
1298,539
1260,538
1221,536
1178,534
1135,533
1091,531
1042,529
992,526
941,525
882,522
832,517
795,520
771,510
748,512
723,513
699,516
674,519
649,523
624,526
600,529
577,532
556,535
538,538
524,544
515,550
509,556
509,563
513,571
526,580
548,591
577,600
617,610
665,618
717,626
774,632
830,639
886,649
942,646
995,648
1047,657
1100,658
1145,659
1189,664
1235,667
1273,671
1312,674
1347,677
1380,680
1412,683
1440,685
1467,688
1492,690
1515,696
1536,699
1550,703
1569,707
1581,710
1596,714
1604,716
1613,723
1619,725
1623,728
1624,734
1625,737
1621,741
1616,743
1610,748
1602,752
1590,753
1576,761
1560,763
1543,769
1523,773
1501,777
1476,783
1453,787
1425,791
1394,796
1362,800
1327,805
1288,811
1252,815
1207,820
1164,827
1118,832
1068,836
1017,842
965,847
907,852
859,855
816,855
782,866
749,867
717,861
684,856
651,848
620,838
586,829
559,818
541,806
530,792
525,777
526,762
537,748
555,736
584,724
630,709
683,703
740,696
800,690
857,690
919,677
972,674
1027,670
1084,667
1134,660
1182,655
1228,650
1273,645
1315,640
1354,636
1392,630
1428,626
1461,622
1492,617
1520,613
1546,609
1569,605
1591,601
1611,596
1628,593
1642,589
1656,585
1667,580
1672,578
1680,572
1682,573
1688,568
1689,565
1687,562
1683,558
1678,556
1670,552
1663,548
1652,544
1640,539
1625,537
1607,532
1585,529
1564,526
1540,523
1516,520
1487,516
1458,513
1426,508
1389,507
1355,502
1314,499
1274,495
1229,492
1184,488
1135,485
1084,480
1030,476
977,472
917,469
869,473
841,470
811,470
781,477
753,482
724,489
692,496
663,500
632,507
602,514
575,519
553,524
535,530
523,537
514,545
513,555
522,565
540,577
566,589
603,600
650,608
702,616
761,624
819,631
878,640
935,642
992,643
1042,651
1100,655
1147,658
1194,663
1239,667
1280,671
1319,675
1357,679
1391,683
1426,685
1453,689
1483,691
1510,696
1534,699
1553,705
1572,708
1589,712
1605,717
1619,721
1628,726
1635,731
1643,736
1643,741
1649,745
1650,749
1649,753
1643,757
1636,761
1629,765
1621,768
1610,774
1594,779
1578,786
1560,789
1540,794
1515,799
1491,805
1462,810
1434,816
1401,821
1367,826
1330,831
1292,837
1253,843
1207,850
1163,855
1118,861
1065,867
1013,873
959,878
901,883
855,892
821,899
789,904
761,906
732,903
706,895
677,885
650,874
619,864
594,849
572,831
556,813
546,793
539,776
542,758
552,743
573,730
602,719
651,706
705,701
765,696
825,690
886,685
945,678
1000,674
1059,670
1116,663
1164,658
1215,652
1261,648
1306,643
1347,639
1388,634
1427,629
1459,624
1493,620
1524,615
1553,610
1578,606
1602,602
1621,598
1644,594
1662,590
1676,587
1688,582
1701,579
1711,574
1718,572
1725,567
1728,563
1730,559
1729,555
1728,551
1723,547
1717,544
1709,540
1697,539
1685,532
1672,529
1658,526
1639,523
1619,519
1595,516
1571,511
1545,508
1517,504
1485,500
1453,496
1416,492
1380,488
1338,486
1298,482
1254,479
1209,475
1161,472
1110,468
1056,464
1002,462
947,456
886,454
833,453
803,456
783,454
755,457
729,459
703,468
676,476
652,482
626,490
601,498
576,506
555,512
537,520
524,529
515,538
511,548
511,558
517,570
529,582
549,595
576,606
617,617
665,626
716,634
775,641
834,647
889,655
943,655
995,656
1047,664
1101,665
1145,669
1190,674
1232,677
1271,681
1309,684
1345,687
1378,690
1408,692
1437,697
1464,698
1488,701
1510,704
1530,708
1547,710
1563,715
1577,719
1589,722
1596,725
1604,730
1609,735
1613,738
1614,742
1613,745
1611,750
1605,754
1600,760
1590,765
1578,768
1565,773
1549,777
1532,780
1514,785
1492,788
1469,793
1444,797
1416,801
1385,806
1352,811
1319,816
1283,822
1242,826
1201,831
1157,837
1113,841
1063,847
1014,852
961,858
906,864
852,868
803,868
771,881
739,881
709,883
678,877
649,870
619,864
590,857
559,850
535,841
516,831
502,817
495,799
492,783
493,768
503,753
517,741
537,730
564,720
599,710
653,701
708,697
767,692
823,688
883,681
941,675
992,672
1047,669
1100,664
1146,659
1190,654
1236,651
1278,647
1316,642
1350,638
1388,635
1420,631
1450,627
1479,622
1504,618
1526,616
1548,613
1568,608
1584,605
1599,602
1611,599
1620,595
1631,592
1637,590
1642,588
1643,583
1644,580
1641,578
1638,576
1632,572
1624,570
1614,568
1603,564
1588,561
1571,558
1551,554
1532,552
1509,550
1484,547
1457,544
1428,542
1395,539
1362,536
1326,535
1288,531
1249,529
1209,526
1163,524
1118,521
1067,519
1017,515
964,513
905,507
854,503
822,496
798,506
768,504
739,504
711,507
684,510
657,513
631,516
606,519
582,522
561,526
542,528
527,532
514,535
505,539
501,545
502,551
510,558
527,565
550,577
584,587
628,596
680,603
734,608
796,615
859,624
915,629
974,627
1023,631
1083,639
1135,640
1183,643
1229,646
1273,651
1314,653
1351,655
1389,658
1423,661
1455,664
1486,668
1514,670
1538,673
1562,677
1582,680
1602,683
1617,688
1635,690
1647,693
1657,697
1667,703
1674,707
1678,713
1681,715
1679,718
1674,721
1670,724
1664,728
1655,732
1647,737
1636,740
1624,742
1607,748
1586,752
1567,755
1544,760
1521,764
1496,769
1466,773
1436,778
1403,783
1368,788
1332,792
1291,797
1249,803
1204,806
1158,810
1111,815
1060,820
1007,824
951,830
897,833
849,840
816,824
797,829
769,853
747,837
718,834
687,829
655,822
625,817
595,810
568,801
546,787
534,774
527,761
523,749
527,737
540,728
558,719
585,710
626,699
676,695
729,691
787,687
844,687
902,677
951,672
1001,668
1053,665
1104,660
1148,655
1191,651
1235,646
1274,642
1311,638
1346,635
1376,631
1410,627
1437,624
1461,619
1485,617
1507,612
1526,610
1544,606
1556,604
1572,599
1581,597
1588,595
1596,592
1601,589
1605,588
1605,582
1603,580
1601,578
1596,574
1588,570
1579,567
1566,564
1550,562
1536,559
1515,557
1495,554
1474,551
1450,548
1423,545
1395,543
1363,539
1330,537
1294,535
1257,533
1218,529
1175,526
1131,524
1086,522
1037,519
987,516
932,513
873,506
826,505
785,503
760,500
732,506
704,511
677,516
649,521
623,524
597,528
574,532
553,537
535,542
521,547
509,553
503,560
501,568
506,578
518,588
536,600
563,611
598,622
643,632
693,639
750,645
809,648
870,653
922,662
973,660
1021,663
1073,668
1121,669
1164,672
1208,674
1248,677
1285,681
1319,683
1351,686
1383,688
1410,689
1436,692
1460,693
1481,697
1500,699
1517,700
1531,702
1544,705
1559,710
1565,710
1573,715
1576,717
1578,720
1578,722
1577,724
1573,727
1568,729
1560,734
1548,737
1539,742
1525,745
1509,749
1490,752
1470,756
1447,760
1422,762
1393,766
1364,770
1334,774
1298,778
1262,781
1224,784
1184,789
1141,792
1097,796
1050,800
999,804
949,806
894,811
844,813
804,820
774,825
748,827
719,827
692,823
665,818
638,813
611,810
583,805
562,799
546,791
531,783
520,773
514,764
514,754
515,744
524,735
540,726
561,718
592,711
639,700
696,695
755,692
815,685
875,683
935,673
991,670
1049,665
1106,660
1155,654
1205,648
1252,644
1296,639
1340,634
1380,630
1419,625
1454,620
1489,616
1519,612
1548,606
1575,601
1602,598
1623,593
1642,589
1663,585
1677,581
1690,578
1704,572
1714,569
1722,564
1728,561
1733,557
1735,553
1734,551
1732,546
1727,542
1722,539
1712,533
1702,531
1689,525
1676,521
1659,516
1638,514
1615,509
1592,506
1568,501
1540,497
1511,494
1478,489
1442,485
1404,481
1362,476
1319,473
1275,468
1226,465
1176,461
1124,456
1067,453
1012,449
951,444
908,443
877,440
851,441
825,445
795,450
764,458
731,465
697,472
663,480
631,489
600,497
570,504
547,513
529,522
515,531
509,541
512,553
523,567
543,581
569,594
609,607
658,618
713,624
775,633
837,638
903,646
963,647
1022,650
1084,654
1137,656
1190,661
1243,664
1291,667
1335,669
1380,673
1420,676
1458,677
1497,681
1528,684
1560,686
1590,690
1619,691
1644,695
1670,697
1690,701
1709,706
1726,708
1740,713
1753,718
1762,721
1770,722
1777,726
1781,730
1783,735
1784,737
1782,740
1778,746
1771,748
1763,754
1754,756
1744,761
1730,763
1713,767
1696,770
1678,776
1655,780
1630,785
1604,789
1576,795
1545,799
1514,803
1478,808
1442,812
1401,817
1361,821
1317,826
1270,831
1222,836
1174,841
1122,846
1066,851
1009,856
950,861
887,866
827,870
778,875
742,880
708,883
676,883
645,878
616,871
586,864
560,853
538,843
522,830
511,815
505,800
505,786
516,771
532,760
555,750
588,741
640,729
695,725
753,719
810,714
866,710
921,703
975,698
1025,693
1078,688
1124,682
1170,675
1214,670
1253,666
1294,659
1330,653
1364,650
1396,643
1428,638
1456,634
1481,628
1504,624
1525,619
1547,615
1565,609
1577,606
1592,601
1605,595
1614,591
1621,587
1627,583
1628,580
1632,575
1630,571
1628,566
1622,562
1614,557
1606,551
1593,546
1579,541
1563,537
1543,531
1522,528
1499,523
1473,519
1445,513
1414,509
1381,504
1344,499
1308,493
1264,491
1221,484
1176,479
1127,474
1077,468
1022,465
968,460
931,467
907,475
889,474
868,472
845,471
818,474
792,475
765,476
735,480
702,485
672,490
639,498
608,506
578,513
549,519
526,524
507,529
494,537
485,545
484,553
492,563
505,574
528,588
560,600
602,611
652,619
709,627
770,636
830,642
891,649
948,648
1004,649
1061,657
1119,657
1165,660
1216,665
1261,667
1305,669
1346,672
1384,675
1419,677
1454,680
1485,682
1515,683
1541,686
1565,690
1587,692
1606,694
1624,697
1639,701
1655,702
1670,706
1679,709
1685,715
1690,718
1694,722
1695,724
1695,728
1690,730
1686,735
1680,739
1669,741
1657,745
1643,748
1627,752
1608,755
1588,760
1564,763
1538,767
1511,770
1480,776
1451,778
1416,784
1380,788
1342,793
1299,796
1255,801
1209,805
1160,810
1111,816
1056,821
998,825
941,829
886,831
852,836
821,839
794,841
765,841
736,840
705,834
675,827
647,818
619,809
588,795
565,782
549,770
538,757
530,746
534,734
547,724
567,714
598,706
645,694
699,691
758,687
818,683
880,678
940,671
994,669
1052,666
1107,661
1155,656
1204,651
1252,650
1296,644
1337,642
1376,637
1412,634
1445,632
1476,629
1504,626
1530,623
1555,619
1580,617
1599,614
1617,610
1633,607
1647,606
1659,603
1669,600
1677,597
1682,595
1685,592
1688,590
1688,587
1686,585
1682,582
1675,579
1669,576
1661,573
1649,571
1635,569
1618,566
1598,564
1579,562
1553,559
1530,558
1505,554
1478,552
1448,550
1414,548
1380,545
1340,544
1302,543
1262,541
1219,538
1173,536
1126,535
1081,532
1028,530
974,527
916,526
853,522
798,520
745,518
706,514
674,516
645,519
618,521
592,524
569,526
548,528
530,530
516,530
504,532
495,534
490,540
491,547
498,556
513,566
532,578
563,590
601,601
650,610
704,618
764,625
822,631
881,636
936,637
991,636
1041,643
1097,645
1143,646
1188,649
1231,652
1272,655
1312,659
1348,661
1382,664
1414,667
1442,669
1471,670
1495,673
1518,674
1539,677
1556,680
1573,681
1588,685
1600,689
1610,691
1616,693
1622,696
1625,697
1626,702
1626,706
1624,708
1618,713
1615,714
1607,719
1596,722
1586,725
1571,729
1555,732
1536,735
1516,740
1492,742
1467,746
1441,749
1414,753
1381,758
1348,760
1313,764
1275,769
1235,772
1192,776
1149,780
1103,783
1053,788
1002,791
949,795
894,800
835,804
785,808
743,813
713,816
684,816
656,813
630,807
604,802
578,798
552,794
531,790
513,786
498,780
490,770
481,762
480,751
486,741
494,731
509,721
528,713
553,706
586,700
638,690
694,686
754,681
816,678
878,673
936,667
994,664
1052,661
1107,654
1156,651
1206,646
1252,644
1297,639
1339,636
1379,632
1419,628
1453,625
1484,620
1517,618
1543,614
1570,611
1594,607
1618,603
1637,600
1655,598
1668,594
1683,591
1693,588
1703,584
1712,582
1719,578
1722,574
1723,572
1723,569
1722,566
1716,563
1712,561
1704,558
1693,556
1682,552
1667,549
1651,547
1632,543
1610,540
1585,538
1560,535
1534,532
1506,529
1474,527
1438,525
1401,521
1366,518
1325,516
1283,514
1238,511
1191,507
1142,506
1091,504
1036,500
982,498
920,495
860,493
820,488
789,485
762,488
738,493
713,498
687,505
660,509
634,512
610,516
588,519
566,522
547,525
531,529
516,535
503,539
493,544
484,550
480,556
479,564
485,572
494,582
508,592
530,605
557,617
593,629
638,639
689,647
746,655
803,661
864,663
920,673
970,674
1021,677
1075,680
1121,683
1166,685
1211,689
1251,693
1289,695
1325,697
1359,700
1389,702
1419,704
1447,706
1470,709
1493,712
1512,714
1529,716
1546,720
1561,722
1571,724
1581,727
1587,731
1592,736
1596,739
1597,742
1596,747
1595,749
1588,753
1581,756
1570,761
1558,764
1544,767
1529,771
1510,775
1492,779
1470,784
1446,787
1420,791
1391,795
1360,799
1329,803
1291,806
1254,810
1214,814
1174,818
1129,822
1083,826
1034,829
983,834
930,839
877,843
831,846
802,856
775,854
754,859
731,860
708,860
687,859
665,856
644,856
