#x_position,y_position
329,220
366,225
414,227
465,228
523,235
568,237
614,238
659,243
707,244
748,250
788,253
825,256
859,259
890,262
920,267
947,268
972,272
994,274
1015,277
1033,279
1047,282
1061,284
1072,288
1081,290
1088,293
1093,296
1095,298
1096,301
1094,303
1091,306
1085,308
1078,311
1067,313
1056,316
1042,318
1025,321
1007,324
987,326
964,329
939,331
910,333
880,336
848,338
813,340
778,343
736,346
695,348
650,350
602,351
552,354
504,358
456,361
426,369
402,371
380,369
361,364
344,360
326,358
309,356
315,299
347,294
386,292
431,288
481,282
528,280
569,278
615,277
653,275
693,272
731,268
763,266
795,264
824,262
852,259
876,257
898,255
918,253
935,249
950,247
963,245
974,242
983,239
990,237
994,235
996,232
996,230
994,228
990,226
984,223
976,221
965,218
953,215
938,212
921,208
902,205
881,203
857,199
831,195
803,192
771,189
739,186
704,181
665,177
625,173
583,170
541,167
493,162
450,161
426,157
404,156
381,155
361,157
342,163
324,169
307,174
313,229
347,235
390,239
437,245
488,245
537,256
577,258
625,263
665,266
706,272
747,276
782,282
817,286
847,290
876,295
902,300
926,304
948,308
967,313
984,316
998,321
1011,325
1021,330
1029,334
1035,338
1038,341
1040,346
1039,350
1037,354
1032,359
1025,362
1016,366
1005,370
991,374
975,378
957,382
937,386
914,391
889,394
861,399
832,403
800,407
764,411
728,415
688,419
645,424
600,429
553,433
502,437
465,443
436,454
412,455
389,450
367,446
346,439
325,432
305,424
312,306
348,300
391,297
440,296
491,283
541,287
579,285
627,282
667,279
706,275
746,273
781,270
814,267
845,263
873,261
899,258
922,255
944,252
963,249
979,247
994,243
1006,240
1016,237
1023,233
1029,231
1032,228
1034,225
1033,222
1030,219
1025,216
1017,213
1008,210
996,206
982,202
967,200
948,196
927,192
904,189
879,185
852,182
821,177
789,174
755,170
717,165
678,162
636,158
591,155
546,152
498,146
441,143
410,139
381,135
355,137
331,142
311,149
304,233
335,240
378,244
423,249
473,253
521,256
562,260
609,264
648,266
687,272
729,274
762,278
795,282
825,285
853,289
878,292
901,295
922,298
941,301
957,304
971,308
982,310
992,314
999,317
1005,320
1008,323
1009,326
1008,329
1004,332
999,335
991,338
981,340
969,344
955,346
939,349
918,352
898,355
874,357
848,360
820,363
789,366
756,368
719,370
682,374
641,377
597,380
550,381
504,385
457,393
428,401
401,400
373,398
349,393
326,385
305,379
331,299
370,296
414,295
462,291
511,289
554,286
595,283
635,281
671,279
707,275
743,273
775,271
805,269
830,266
855,263
876,261
895,259
912,256
927,254
940,252
950,251
959,248
964,246
968,243
969,240
968,237
966,235
962,232
955,229
946,227
935,223
922,221
906,217
889,214
869,211
847,208
822,205
796,202
766,198
734,194
700,191
664,187
624,183
582,180
542,177
495,172
449,171
426,165
402,164
379,166
358,169
340,173
322,177
306,180
309,235
340,239
380,242
424,247
478,251
524,254
565,258
608,260
650,262
690,266
732,268
765,273
798,276
829,280
857,284
883,285
906,288
926,290
945,293
961,295
975,298
986,300
996,302
1003,305
1009,307
1011,309
1012,312
1011,314
1008,317
1003,319
995,321
986,324
973,326
959,329
943,331
924,333
903,335
880,338
855,341
825,344
795,345
761,347
726,350
688,351
647,354
604,356
558,358
514,361
470,362
437,367
414,371
392,374
369,372
349,370
328,366
307,364
304,300
341,294
386,293
436,291
492,279
542,280
585,276
635,275
677,270
720,265
764,264
802,261
838,257
871,254
901,252
929,249
954,246
978,244
998,240
1017,238
1033,234
1047,232
1059,229
1069,226
1077,223
1082,220
1085,217
1086,214
1086,211
1083,207
1079,204
1072,201
1064,197
1053,193
1040,189
1025,185
1008,181
989,178
967,173
944,169
917,166
889,162
858,159
825,155
789,152
751,148
712,142
669,139
624,134
578,129
528,125
475,121
430,115
399,111
370,114
345,118
325,124
307,130
302,216
329,223
365,230
409,234
457,241
508,244
553,249
592,252
638,257
676,260
714,264
753,269
787,274
819,277
847,281
873,285
896,289
917,292
936,295
953,300
968,303
979,306
989,309
997,313
1002,316
1005,319
1007,323
1007,326
1004,329
999,332
992,336
984,339
973,342
960,346
946,350
928,352
909,356
887,359
863,363
837,366
808,369
777,371
744,375
709,379
670,383
630,386
589,388
543,390
497,393
446,398
410,399
382,402
353,406
325,407
301,403
301,309
331,301
371,296
416,292
466,279
516,278
559,281
603,280
644,279
684,277
728,273
761,273
794,270
827,268
855,266
881,264
905,262
927,260
946,257
963,256
977,253
990,250
1000,249
1008,246
1014,244
1018,242
1019,239
1019,237
1017,234
1012,231
1006,229
997,226
986,223
973,220
958,217
941,215
922,211
900,208
876,205
851,202
822,200
791,196
758,193
722,190
685,187
647,184
605,181
561,178
516,173
477,168
453,169
430,166
409,164
388,167
368,171
349,174
332,177
315,178
316,230
347,236
388,243
433,249
480,257
535,260
575,263
622,267
663,271
704,274
745,278
780,282
813,285
844,289
873,292
900,297
923,300
945,304
964,308
981,312
995,315
1007,319
1017,323
1024,325
1030,328
1033,331
1035,333
1034,336
1031,339
1026,341
1019,345
1010,348
999,351
985,353
969,357
951,360
931,363
908,366
883,369
855,372
826,376
794,378
760,382
722,386
683,390
641,394
596,396
549,400
499,403
402,411
378,414
354,408
331,404
311,399
317,295
350,289
391,285
446,281
499,274
539,271
582,269
632,265
673,262
716,258
759,256
796,253
830,250
864,247
893,243
921,241
946,238
969,234
989,232
1007,229
1023,226
1036,223
1048,221
1057,218
1064,214
1070,212
1073,208
1074,204
1073,200
1071,196
1066,192
1059,189
1050,184
1038,181
1024,177
1009,173
991,169
970,164
948,161
923,155
896,152
865,147
833,144
798,139
762,135
723,130
681,126
636,123
587,118
539,114
485,109
457,104
437,101
419,99
402,102
385,108
367,114
349,118
332,124
317,130
302,138
307,218
335,223
374,229
419,234
470,238
516,242
568,249
616,253
661,255
706,260
747,263
786,267
821,269
854,272
885,275
913,278
939,282
962,285
983,287
1001,289
1017,293
1030,295
1042,297
1052,299
1059,302
1064,305
1067,308
1069,310
1068,312
1065,315
1061,318
1054,321
1045,323
1034,325
1021,328
1006,330
989,332
969,335
947,338
923,338
897,341
870,343
839,345
805,347
770,349
733,351
693,354
651,356
606,358
562,360
515,363
465,364
410,367
361,370
335,376
310,377
303,309
341,305
384,302
434,305
489,284
537,293
570,294
614,293
655,292
697,291
734,291
768,290
801,289
831,288
858,287
884,287
906,285
926,285
944,284
959,283
973,282
984,280
993,279
1000,278
1004,277
1007,276
1008,275
1006,274
1002,272
997,270
989,269
979,268
967,266
952,265
936,264
918,262
898,260
875,258
851,254
820,253
791,255
760,253
726,252
690,249
649,249
608,246
568,245
524,243
476,242
441,240
418,237
395,235
375,234
356,231
338,228
320,225
302,223
308,237
337,241
375,246
417,249
468,253
516,258
564,262
609,266
652,268
695,272
737,275
773,279
809,282
841,285
871,289
898,292
923,294
946,297
966,301
984,305
999,307
1013,310
1024,313
1033,315
1040,319
1045,321
1048,324
1048,327
1047,330
1043,333
1038,336
1030,338
1020,341
1008,344
993,346
977,349
958,351
937,353
913,356
887,359
859,362
828,365
795,368
760,370
722,373
682,376
639,379
593,381
545,383
498,386
455,396
427,397
398,399
370,395
346,390
323,386
303,381
321,316
358,311
401,315
512,292
561,300
614,293
664,291
712,291
759,288
803,286
843,283
881,281
918,280
949,278
979,275
1007,273
1033,270
1056,269
1077,267
1095,265
1111,261
1127,257
1138,254
1148,252
1156,250
1161,247
1165,246
1166,243
1165,241
1163,238
1158,235
1152,232
1143,230
1133,227
1121,225
1106,222
1089,218
1070,213
1051,210
1028,207
1002,205
974,202
945,200
912,196
878,193
843,189
806,187
764,183
722,181
677,177
627,173
576,168
528,163
474,161
411,158
384,154
357,151
334,151
313,151
303,217
335,225
378,232
425,239
482,245
530,248
569,252
617,258
658,260
702,265
740,270
776,275
810,279
843,284
872,288
899,292
922,294
945,300
965,304
982,308
997,312
1009,316
1020,320
1028,324
1034,328
1038,331
1040,335
1040,338
1037,342
1032,346
1026,350
1017,353
1006,356
992,361
976,364
959,368
939,371
916,375
890,378
863,382
833,385
802,389
767,392
730,396
690,399
648,404
601,407
555,410
505,406
484,415
455,422
435,424
414,424
391,420
370,416
350,411
331,406
315,401
311,313
340,308
380,305
491,297
586,291
637,289
687,288
736,285
780,281
822,279
861,275
898,272
932,270
965,265
994,264
1020,260
1045,258
1067,257
1085,254
1103,251
1118,248
1131,245
1142,242
1150,239
1157,236
1162,232
1164,229
1164,225
1163,222
1160,218
1155,215
1148,211
1139,208
1128,204
1115,201
1100,197
1083,194
1063,190
1042,186
1019,182
994,177
964,175
934,173
903,170
870,166
833,161
794,156
752,152
711,148
665,144
618,140
569,134
517,132
468,130
375,122
353,119
333,123
315,126
301,214
330,220
368,227
416,230
466,236
532,240
572,246
629,250
676,256
729,259
772,266
815,269
857,273
895,277
931,280
965,283
996,289
1025,295
1052,298
1076,302
1097,306
1117,309
1134,313
1149,316
1161,320
1172,324
1181,327
1188,330
1192,335
1195,338
1195,342
1194,347
1190,351
1184,355
1176,359
1167,363
1154,368
1140,371
1124,375
1105,378
1083,381
1060,384
1034,388
1005,393
974,396
941,400
905,404
866,408
825,411
783,415
735,419
688,423
633,425
576,429
526,432
502,436
474,440
450,441
426,438
400,433
376,425
354,418
333,412
313,405
318,316
351,312
403,309
558,290
605,292
658,290
711,285
762,283
810,280
852,276
893,275
933,272
969,268
1002,265
1036,262
1065,260
1091,256
1115,254
1137,251
1157,247
1175,243
1190,241
1203,236
1215,234
1223,230
1230,226
1234,224
1237,220
1237,217
1236,213
1232,209
1227,205
1219,201
1209,197
1197,193
1183,189
1167,185
1149,181
1129,177
1104,171
1080,169
1053,164
1023,161
990,157
956,153
921,149
880,146
839,142
793,137
747,131
699,125
649,122
593,115
531,114
502,109
475,108
450,109
425,113
399,122
372,129
346,135
323,144
303,153
323,222
356,225
403,228
453,231
507,232
571,242
620,243
671,249
723,254
771,257
815,263
859,266
899,271
937,276
970,279
1003,284
1033,288
1060,292
1085,296
1107,300
1128,303
1147,309
1162,313
1175,315
1186,319
1196,321
1203,325
1208,328
1211,332
1213,336
1212,340
1209,345
1204,348
1197,352
1188,356
1177,359
1164,363
1149,367
1131,370
1111,374
1089,379
1065,381
1037,388
1009,390
977,394
944,395
907,400
868,403
828,407
784,410
740,412
691,417
640,420
587,423
535,430
505,430
478,432
452,438
425,442
398,440
370,435
345,427
322,419
303,409
306,326
335,322
376,317
488,302
638,310
688,304
740,307
787,303
832,301
875,300
914,298
952,296
987,294
1018,291
1049,290
1079,288
1103,287
1126,284
1147,283
1165,281
1181,278
1195,276
1207,274
1216,271
1224,270
1230,268
1233,264
1234,262
1233,260
1230,257
1225,254
1218,252
1209,250
1197,246
1184,244
1169,242
1151,240
1130,237
1108,234
1083,231
1056,227
1026,227
994,224
958,221
922,217
883,215
841,211
796,208
748,204
699,199
644,196
587,193
534,188
509,187
482,187
457,188
433,191
406,195
378,201
350,205
324,208
303,211
308,237
341,239
384,244
434,245
500,250
550,254
594,256
647,260
696,260
