#x_position,y_position
432,676
432,676
440,660
450,658
462,654
484,660
509,652
542,643
585,633
638,621
696,612
760,602
819,593
882,588
937,582
992,577
1036,573
1089,567
1144,562
1189,556
1235,550
1277,544
1315,540
1354,534
1389,527
1424,523
1455,519
1483,513
1511,508
1534,504
1555,499
1575,495
1592,490
1609,486
1624,481
1633,477
1643,473
1651,467
1655,464
1663,460
1665,456
1665,450
1665,446
1664,440
1660,435
1652,431
1642,427
1632,421
1618,418
1603,412
1585,409
1565,403
1543,398
1521,393
1496,388
1468,384
1440,380
1407,374
1373,369
1337,365
1298,360
1257,355
1215,352
1170,347
1123,342
1072,337
1021,334
967,329
924,326
887,327
854,333
822,337
787,341
746,347
706,353
666,362
631,370
592,378
559,383
531,392
508,402
492,413
482,426
478,433
477,441
488,446
504,453
528,460
564,469
612,476
669,482
733,489
795,497
857,503
918,508
975,512
1026,517
1084,523
1142,533
1190,539
1241,546
1286,552
1331,559
1373,566
1414,573
1450,579
1486,587
1518,593
1551,599
1577,606
1604,613
1631,618
1654,626
1674,631
1690,639
1708,646
1722,652
1735,658
1746,666
1753,673
1759,678
1762,686
1764,693
1763,699
1760,706
1755,713
1748,721
1741,728
1728,734
1715,742
1701,748
1684,756
1664,763
1640,771
1618,778
1588,787
1561,795
1529,802
1497,811
1460,819
1423,827
1380,837
1336,844
1290,854
1243,863
1197,873
1161,880
1134,880
1106,880
1073,878
1034,874
997,867
954,856
904,843
856,831
805,817
753,803
704,784
655,772
613,756
578,742
546,728
521,716
502,705
487,696
476,688
472,670
468,663
469,657
471,651
475,646
483,640
497,632
514,637
544,620
578,611
624,604
679,595
739,588
802,580
860,573
914,566
973,563
1016,559
1066,555
1122,549
1163,543
1208,538
1251,533
1288,528
1327,523
1362,517
1395,511
1425,507
1455,503
1480,498
1505,493
1528,489
1547,484
1564,481
1581,476
1596,472
1608,467
1617,465
1623,461
1629,457
1633,453
1637,448
1638,444
1635,440
1632,436
1626,431
1617,428
1608,423
1595,420
1581,416
1568,412
1549,406
1530,403
1507,397
1484,394
1456,389
1429,385
1397,380
1365,375
1331,371
1293,366
1253,361
1212,357
1168,352
1123,347
1073,342
1024,339
972,334
925,330
886,330
851,346
821,337
791,342
754,349
719,357
685,363
651,371
614,377
584,385
555,395
531,406
510,417
491,426
479,434
468,441
462,448
457,455
455,461
457,467
460,473
469,479
484,485
501,492
531,502
571,512
620,520
677,526
738,532
797,537
852,541
906,543
957,548
1005,550
1052,553
1097,556
1149,559
1190,563
1233,566
1270,569
1307,573
1339,577
1374,581
1402,585
1429,587
1454,590
1479,595
1500,598
1519,602
1534,606
1548,611
1559,614
1570,618
1577,620
1584,627
1590,629
1590,635
1594,637
1589,642
1583,647
1577,651
1571,655
1562,660
1550,665
1537,668
1518,672
1500,678
1480,682
1456,687
1430,692
1401,697
1373,700
1341,706
1306,711
1267,716
1231,719
1189,726
1143,732
1098,736
1049,741
997,746
947,750
903,762
875,745
843,738
808,732
772,723
735,714
695,703
658,692
621,685
587,679
557,673
532,662
508,663
491,659
477,657
471,645
469,643
471,641
473,638
480,634
491,629
503,623
522,627
553,610
592,602
640,592
698,585
760,578
817,570
877,565
933,561
987,559
1031,558
1083,553
1137,547
1180,543
1225,538
1266,534
1306,531
1341,526
1379,522
1412,519
1441,515
1472,513
1497,509
1521,505
1544,503
1563,500
1583,496
1598,491
1613,489
1624,486
1633,481
1640,477
1647,474
1651,470
1652,467
1651,464
1651,460
1646,456
1641,452
1632,448
1623,445
1612,442
1599,437
1582,433
1564,431
1544,427
1521,424
1496,421
1471,419
1443,415
1411,411
1379,407
1344,405
1307,402
1266,398
1224,395
1180,391
1135,388
1086,384
1034,380
983,377
931,375
896,368
867,387
844,373
817,375
786,380
753,387
722,394
689,403
658,413
628,422
599,432
573,440
548,448
527,455
509,463
497,470
488,477
479,484
475,489
474,493
478,498
487,502
501,507
521,513
551,519
590,524
639,530
696,533
758,537
812,550
876,549
928,552
981,556
1022,558
1077,563
1131,568
1174,571
1218,576
1259,581
1297,585
1334,590
1370,595
1403,598
1431,602
1459,607
1486,611
1508,616
1529,619
1547,623
1564,628
1579,633
1594,635
1603,641
1612,644
1620,649
1624,654
1629,658
1631,661
1630,666
1627,669
1623,673
1613,678
1606,683
1595,688
1583,692
1567,698
1550,701
1531,707
1511,712
1486,716
1462,722
1434,726
1402,733
1371,738
1336,744
1300,749
1260,755
1219,762
1176,767
1132,772
1083,777
1034,784
988,786
951,789
927,782
896,778
862,773
824,770
784,761
741,756
694,747
651,739
610,730
575,724
545,718
522,712
503,707
492,694
485,691
482,690
484,687
489,684
500,680
516,682
539,675
571,667
613,658
664,649
719,641
778,632
831,621
890,613
947,611
996,603
1042,600
1095,593
1140,582
1184,574
1227,566
1266,559
1304,551
1338,544
1373,536
1405,530
1434,523
1462,516
1486,509
1511,502
1530,495
1549,489
1566,482
1582,474
1594,467
1605,461
1613,456
1620,449
1625,442
1628,436
1628,429
1625,423
1625,416
1618,410
1611,404
1604,397
1593,390
1579,383
1565,377
1548,371
1528,364
1509,357
1484,351
1460,344
1432,338
1402,331
1369,325
1336,316
1300,310
1260,303
1219,296
1177,289
1132,282
1085,275
1033,268
987,262
940,258
910,257
876,260
843,265
807,272
772,278
733,287
693,298
653,312
613,326
576,343
545,358
518,374
496,392
479,408
465,421
455,433
451,443
450,452
452,461
459,468
472,476
490,483
516,491
553,501
601,508
660,517
725,525
791,532
851,540
909,541
969,550
1017,554
1072,560
1133,569
1179,574
1226,581
1270,586
1313,594
1351,599
1390,605
1425,612
1458,617
1489,623
1517,630
1541,635
1566,641
1590,647
1608,653
1625,658
1642,664
1656,669
1669,674
1676,681
1684,686
1692,691
1696,696
1697,703
1698,707
1695,714
1692,720
1687,728
1679,734
1670,740
1657,746
1643,751
1628,758
1610,765
1590,772
1569,778
1544,785
1520,791
1490,798
1462,805
1429,812
1394,820
1360,826
1322,833
1282,840
1239,848
1195,854
1148,863
1102,869
1050,876
1002,882
965,884
943,886
922,889
895,885
866,878
835,872
802,865
767,855
730,845
691,834
655,824
624,814
594,804
565,795
538,786
517,777
498,769
486,756
474,751
462,749
454,748
443,756
440,749
436,750
434,751
431,753
432,754
432,754
433,755
435,755
437,755
438,756
444,756
453,755
464,751
478,747
499,741
528,731
562,720
607,708
657,696
715,683
775,670
831,657
890,649
939,641
988,632
1030,625
1078,615
1130,603
1170,594
1211,584
1250,574
1285,564
1318,555
1349,544
1381,535
1408,526
1433,517
1457,508
1479,499
1498,491
1515,481
1529,473
1544,464
1552,454
1562,447
1568,438
1571,430
1577,423
1580,415
1575,407
1574,399
1570,391
1563,382
1554,375
1547,366
1535,358
1521,348
1507,341
1490,331
1470,323
1450,314
1426,304
1401,296
1374,286
1344,279
1315,270
1283,262
1247,252
1211,244
1174,237
1137,226
1114,217
1096,210
1068,240
1053,241
1034,243
1018,246
1001,244
974,246
946,250
912,253
875,255
834,262
791,268
749,278
704,291
657,308
616,323
583,341
553,360
531,378
511,395
496,409
483,420
477,433
470,445
466,454
465,463
466,471
469,477
474,482
485,486
499,491
521,496
551,501
593,506
642,509
698,515
759,519
816,532
873,537
923,538
973,542
1014,546
1059,552
1113,556
1153,563
1192,569
1230,574
1267,580
1300,585
1331,591
1360,596
1387,602
1410,607
1434,611
1453,616
1473,621
1486,627
1501,632
1513,637
1521,642
1529,648
1534,652
1537,659
1538,663
1540,668
1536,673
1532,678
1527,684
1518,689
1510,694
1502,699
1486,705
1472,709
1454,715
1435,722
1414,728
1391,734
1365,740
1338,746
1309,752
1277,758
1243,765
1207,770
1170,776
1130,783
1089,790
1045,796
999,801
956,806
924,806
903,806
881,806
859,805
833,803
806,801
776,797
745,790
711,784
678,779
643,772
613,763
582,752
556,742
531,732
509,725
491,717
477,711
466,704
458,698
452,691
447,686
445,682
445,677
447,672
449,670
452,668
457,667
465,665
475,663
490,660
509,657
534,652
567,646
608,638
661,630
723,622
784,611
841,603
904,598
954,597
1006,591
1056,588
1117,581
1161,573
1209,568
1254,560
1294,555
1335,549
1374,543
1411,538
1443,534
1476,528
1504,522
1531,516
1555,513
1579,507
1599,502
1617,497
1634,492
1648,485
1658,481
1668,475
1676,471
1683,465
1685,460
1694,456
1694,450
1696,443
1691,439
1686,433
1680,427
1671,424
1661,417
1647,413
1632,406
1615,401
1594,396
1571,390
1548,385
1522,379
1495,373
1462,369
1429,363
1390,358
1353,352
1312,346
1269,341
1224,336
1177,331
1131,327
1092,312
1059,337
1035,344
1018,348
995,352
955,364
920,371
885,375
845,377
811,374
773,378
734,383
693,390
657,399
622,409
590,421
562,432
539,441
519,452
504,462
490,472
480,480
474,486
469,491
467,496
469,501
473,506
480,511
493,515
509,521
533,527
564,534
603,540
651,545
704,550
762,556
817,560
873,565
921,567
970,578
1010,580
1053,584
1102,593
1145,596
1183,600
1219,606
1253,610
1286,617
1315,622
1343,626
1365,632
1390,636
1412,642
1429,647
1447,652
1460,657
1471,662
1483,668
1489,674
1495,679
1500,685
1500,689
1501,695
1500,699
1496,707
1489,712
1480,715
1469,721
1457,728
1442,732
1425,738
1403,744
1382,750
1358,757
1333,763
1305,768
1275,773
1242,779
1207,786
1171,792
1134,797
1091,804
1050,809
1003,816
958,821
919,823
887,818
862,814
835,808
807,805
779,802
751,800
725,797
697,794
672,788
642,782
615,772
591,764
565,758
541,752
520,748
500,744
484,741
470,739
459,736
449,733
441,732
434,731
428,732
423,734
419,736
417,739
415,742
413,743
412,746
412,748
411,751
411,753
411,753
413,754
419,754
425,752
436,749
451,742
474,733
503,723
541,711
590,698
651,687
717,676
783,666
844,659
903,652
955,651
1005,645
1055,641
1117,636
1160,627
1207,622
1250,617
1291,612
1331,607
1367,602
1401,596
1433,590
1464,587
1492,581
1519,577
1543,571
1565,567
1585,562
1601,558
1615,554
1629,548
1641,544
1650,538
1659,533
1663,531
1668,527
1671,520
1671,517
1670,513
1664,509
1660,505
1652,499
1638,495
1630,490
1617,486
1599,482
1584,477
1564,473
1543,469
1520,465
1494,460
1467,455
1437,452
1405,447
1370,442
1335,438
1295,434
1256,430
1214,425
1170,422
1122,417
1072,414
1022,408
971,405
930,402
906,403
888,409
863,413
834,422
805,425
772,426
737,431
700,436
662,441
625,446
594,451
566,456
540,460
519,463
501,469
487,474
475,479
466,483
461,488
458,492
458,497
461,502
466,505
477,510
492,522
512,527
542,534
581,541
632,548
690,553
753,558
815,565
876,571
929,577
985,583
1031,585
1085,593
1140,599
1186,604
1231,610
1273,617
1314,621
1350,627
1387,633
1419,639
1451,644
1478,650
1505,656
1530,660
1553,666
1572,671
1590,678
1607,683
1621,688
1633,693
1642,699
1648,706
1655,709
1659,715
1660,720
1662,726
1660,731
1655,737
1648,743
1639,749
1629,754
1617,762
1604,767
1589,773
1570,780
1549,787
1527,792
1503,798
1479,804
1452,811
1421,818
1390,824
1355,832
1320,838
1282,845
1242,853
1199,860
1155,868
1111,873
1064,879
1024,899
1001,868
985,867
962,865
940,864
916,865
887,862
854,856
818,848
780,840
741,832
698,823
660,812
626,798
593,783
566,769
541,757
521,743
505,730
493,710
483,699
476,691
474,685
473,679
477,673
485,667
499,661
519,656
546,649
584,641
633,635
689,628
749,621
807,613
865,608
918,606
966,607
1014,605
1060,604
1111,599
1154,592
1195,588
1235,584
1271,578
1308,575
1339,571
1372,567
1400,563
1427,560
1453,556
1475,554
1495,549
1515,547
1531,543
1545,542
1557,538
1567,532
1574,529
1579,526
1582,521
1583,516
1584,516
1581,511
1577,507
1569,505
1564,501
1551,498
1540,493
1525,490
1510,487
1493,483
1475,479
1450,475
1427,472
1400,468
1375,465
1339,460
1310,457
1275,454
1237,451
1198,449
1157,445
1112,442
1066,438
1031,435
998,435
969,436
943,432
914,426
880,422
843,421
804,420
768,420
730,423
693,425
655,430
616,435
584,439
556,445
532,452
512,460
495,468
482,475
472,480
466,486
462,491
461,496
462,500
466,504
473,509
485,514
502,520
525,526
555,533
593,539
641,547
696,553
754,559
812,565
873,569
927,575
981,580
1024,583
1076,591
1130,595
1173,599
1216,605
1256,609
1295,614
1331,619
1366,624
1398,628
1428,634
1455,637
1481,643
1504,648
1524,652
1545,657
1563,662
1576,667
1592,671
1601,675
1609,679
1616,683
1621,690
1622,693
1624,698
1621,703
1618,707
1616,712
1606,718
1598,724
1586,731
1572,737
1556,744
1539,749
1517,755
1495,763
1469,769
1441,774
1411,781
1379,788
1344,794
1308,801
1268,808
1226,814
1183,821
1138,827
1097,832
1072,830
1049,827
1024,824
998,821
972,820
944,824
913,821
880,817
845,813
807,805
770,800
731,791
692,780
652,771
617,761
585,753
557,743
532,734
510,727
492,720
477,716
465,710
458,707
450,704
446,701
446,712
446,712
447,710
452,708
458,705
469,702
482,698
501,692
520,673
551,664
589,650
635,637
687,625
744,616
801,605
854,602
904,600
950,594
995,590
1033,587
1075,582
1121,575
1156,569
1191,564
1225,558
1256,553
1283,547
1310,544
1335,539
1359,534
1380,530
1397,524
1415,520
1428,515
1439,511
1450,508
1457,503
1463,499
1467,493
1468,489
1469,484
1466,480
1461,474
1456,469
1446,466
1435,461
1423,458
1408,452
1392,450
1372,446
1351,442
1329,437
1304,432
1279,426
1246,424
1214,420
1181,416
1146,412
1108,408
1067,403
1025,399
986,395
946,387
923,384
900,390
872,394
846,395
815,395
781,396
748,398
712,401
676,404
642,408
607,412
577,417
549,425
524,432
504,438
487,443
473,448
464,455
459,459
459,464
462,470
469,476
484,482
507,490
537,496
581,505
637,511
697,519
764,525
825,534
889,541
938,543
994,548
1040,554
1093,560
1149,567
1194,574
1241,580
1283,586
1323,592
1359,599
1394,605
1429,611
1459,618
1490,623
1517,629
1541,634
1562,641
1581,647
1604,652
1620,658
1633,665
1648,670
1659,676
1663,682
1670,693
1675,697
1677,703
1677,710
1675,717
1670,723
1664,729
1656,733
1645,740
1633,747
1616,754
1599,761
1580,768
1559,776
1536,783
1511,790
1482,797
1452,805
1422,813
1387,820
1350,829
1311,837
1269,845
1227,854
1181,861
1133,869
1083,877
1031,884
988,891
956,894
934,893
911,892
882,885
852,878
821,870
787,863
751,853
713,844
677,832
644,818
611,805
581,791
552,778
527,767
503,754
488,742
475,734
467,719
461,714
457,710
457,706
460,704
470,701
483,697
503,695
536,683
574,679
625,672
688,664
752,654
814,645
880,638
938,639
996,630
1047,631
1111,625
1160,614
1212,608
1259,602
1306,597
1348,591
1390,583
1429,578
1468,574
1504,568
1536,564
1566,558
1594,552
1622,547
1646,541
1670,535
1692,530
1710,526
1725,521
1740,514
1753,512
1761,507
1771,499
1776,495
1780,490
1782,484
1783,481
1782,476
1777,471
1771,468
1761,463
1754,459
1742,452
1726,449
1713,444
1694,438
1672,435
1650,428
1625,424
1601,419
1573,414
1541,408
1508,404
1473,397
1434,393
1393,389
1351,383
1306,377
1257,372
1206,366
1153,362
1101,357
1041,352
983,346
937,350
906,350
885,349
856,353
828,358
798,359
767,365
733,375
698,384
663,395
627,406
591,416
560,427
534,439
511,450
493,461
478,469
465,478
457,485
452,490
449,496
452,507
455,511
461,514
471,518
484,522
504,527
532,534
575,541
626,546
688,551
754,556
817,561
882,569
935,574
997,582
1045,585
1100,590
1160,596
1212,600
1259,607
1306,612
1348,616
1391,622
1430,627
1465,632
1498,638
1530,643
1559,647
1585,653
1614,658
1636,663
1657,668
1676,673
1691,678
1706,685
1716,691
1726,695
1735,700
1740,705
1743,710
1744,718
1744,721
1744,726
1742,730
1735,736
1727,742
1718,747
1706,753
1691,759
1674,764
1656,772
1635,778
1611,785
1587,792
1559,798
1529,806
1497,811
1462,818
1426,825
1386,830
1347,839
1301,844
1257,852
1206,860
1156,867
1105,873
1058,878
1023,882
1004,885
976,882
947,878
915,871
882,866
848,865
811,859
772,853
729,845
690,835
647,827
611,817
577,807
548,796
521,786
499,776
479,767
464,758
456,740
448,733
438,728
433,724
428,721
426,720
425,719
425,716
428,713
431,710
438,706
447,701
464,696
487,689
520,681
557,672
605,661
659,653
721,645
782,637
839,629
900,625
947,618
999,618
1040,615
1090,610
1140,603
1182,599
1223,593
1262,587
1299,584
1333,578
1365,573
1395,569
1422,563
1449,560
1474,555
1492,551
1511,547
1530,542
1544,539
1556,534
1567,530
1572,527
1581,522
1587,519
1590,516
1590,513
1588,509
1587,504
1579,500
1573,498
1563,492
1551,489
1538,485
1522,481
1502,478
1481,473
1457,467
1434,465
1406,462
