#x_position,y_position
1692,368
1692,368
1675,364
1657,358
1637,354
1614,348
1589,343
1559,340
1530,333
1497,329
1461,324
1421,320
1381,316
1338,312
1291,307
1243,304
1191,299
1136,293
1080,290
1020,286
953,282
892,278
846,286
820,279
795,285
768,289
741,296
714,304
686,315
658,324
628,333
600,341
571,351
545,360
519,370
497,378
480,385
466,394
457,401
451,408
450,415
456,421
466,428
484,433
511,439
547,444
600,454
671,461
740,469
802,470
883,477
948,477
1018,480
1081,485
1147,491
1207,494
1262,499
1316,502
1368,505
1416,510
1461,513
1503,516
1542,520
1578,524
1610,528
1642,530
1669,535
1695,539
1718,543
1741,545
1758,549
1773,552
1786,557
1796,559
1804,563
1810,569
1814,573
1815,576
1813,579
1809,583
1802,587
1794,591
1783,595
1769,597
1752,602
1733,605
1711,610
1687,614
1660,618
1630,623
1596,625
1562,629
1525,633
1486,637
1444,642
1396,647
1348,651
1300,656
1246,662
1189,666
1131,672
1068,675
1005,682
937,685
870,693
831,696
801,699
773,696
745,696
716,698
689,699
663,699
637,699
613,698
588,697
564,697
543,698
523,700
506,700
494,698
484,696
477,692
476,689
479,685
492,681
516,673
554,664
619,653
687,646
758,638
812,635
885,631
959,624
1016,618
1079,614
1145,609
1200,604
1255,599
1305,594
1351,590
1398,584
1441,579
1480,575
1520,570
1554,566
1587,561
1617,559
1646,553
1669,547
1693,544
1712,540
1730,536
1745,533
1758,528
1768,523
1776,520
1782,517
1784,513
1784,511
1783,508
1782,501
1775,498
1768,493
1756,488
1743,484
1727,480
1707,475
1686,471
1663,467
1637,463
1608,458
1575,454
1540,449
1503,445
1463,441
1421,438
1374,433
1326,430
1278,427
1221,423
1164,418
1105,414
1041,411
977,406
908,403
840,402
797,406
769,395
742,394
713,393
684,392
657,392
628,394
602,396
576,400
553,403
531,407
512,412
495,416
482,419
470,423
462,427
460,431
461,434
467,439
481,442
504,446
535,450
578,455
650,468
721,472
789,476
860,480
924,487
994,492
1062,497
1125,506
1181,512
1238,519
1291,525
1341,530
1389,538
1434,543
1475,549
1514,555
1552,562
1583,568
1617,572
1645,577
1672,583
1696,591
1714,596
1733,603
1747,609
1759,616
1770,621
1776,628
1780,633
1784,641
1784,647
1782,655
1777,660
1769,666
1758,673
1746,678
1731,686
1713,694
1692,700
1669,709
1641,715
1613,723
1581,732
1546,739
1509,747
1471,756
1427,763
1381,770
1332,777
1282,787
1223,794
1166,803
1105,812
1041,820
972,829
900,838
836,847
794,853
761,854
732,853
702,846
673,833
647,817
621,800
598,781
573,759
551,738
530,720
513,704
499,690
490,679
490,669
500,659
523,648
563,632
623,621
685,613
751,605
802,599
872,594
929,590
986,583
1039,579
1088,572
1146,565
1190,558
1234,553
1275,547
1313,542
1346,536
1379,531
1410,526
1435,521
1460,515
1482,511
1501,506
1517,501
1531,496
1543,493
1550,488
1555,485
1559,480
1561,475
1560,471
1556,466
1551,461
1544,456
1533,449
1520,447
1505,441
1486,437
1466,432
1443,425
1417,421
1389,416
1358,412
1323,406
1285,399
1245,397
1202,392
1156,388
1111,384
1060,380
1010,374
952,370
895,366
841,361
805,356
777,357
751,356
727,353
704,353
679,357
655,360
630,364
606,370
586,376
565,383
547,391
530,399
517,409
504,417
493,426
484,435
477,443
472,452
470,461
472,469
477,477
491,484
514,491
549,499
606,514
676,520
749,526
806,528
888,534
955,536
1021,539
1086,545
1151,551
1210,556
1265,562
1319,567
1369,572
1416,577
1460,583
1503,588
1542,591
1578,597
1611,601
1643,607
1670,611
1696,615
1718,620
1738,625
1756,630
1771,636
1784,639
1794,645
1802,651
1807,656
1810,659
1810,665
1808,669
1805,671
1797,680
1788,685
1775,688
1761,695
1744,699
1725,704
1704,709
1679,715
1652,721
1624,727
1590,734
1555,739
1518,744
1479,751
1437,756
1391,763
1344,769
1295,775
1241,782
1186,789
1128,795
1065,802
1000,809
934,814
863,821
808,825
767,833
729,836
694,835
664,829
634,825
606,817
578,809
553,800
531,790
512,780
496,770
482,759
472,749
465,738
461,727
461,716
465,704
477,693
496,678
527,663
583,645
645,632
715,622
775,615
847,610
905,605
977,598
1035,595
1104,583
1157,579
1213,574
1263,568
1310,562
1353,557
1397,551
1437,545
1474,541
1507,536
1538,531
1566,528
1593,523
1618,519
1638,513
1657,507
1672,504
1687,499
1698,495
1707,490
1716,486
1722,482
1725,479
1724,475
1723,471
1719,466
1712,462
1702,459
1691,455
1678,449
1663,444
1645,441
1626,435
1604,430
1578,428
1552,423
1525,419
1492,415
1457,412
1422,407
1384,402
1344,399
1302,395
1257,391
1209,388
1161,384
1109,379
1055,376
998,371
939,368
877,365
822,363
783,356
754,354
727,352
699,353
673,355
645,355
617,356
591,359
566,362
544,366
525,371
510,375
497,381
489,388
486,394
488,401
498,408
514,413
540,419
576,425
638,437
704,441
773,445
833,443
899,453
968,455
1029,459
1087,461
1144,466
1198,471
1248,475
1296,479
1341,483
1386,488
1426,492
1464,496
1500,500
1533,504
1562,508
1589,512
1616,517
1638,521
1659,526
1676,530
1691,533
1704,536
1714,542
1722,544
1727,549
1732,552
1733,558
1733,561
1731,565
1726,571
1718,574
1708,577
1695,581
1679,583
1662,589
1641,593
1618,600
1592,604
1563,608
1532,613
1498,618
1462,622
1423,628
1380,633
1336,639
1290,643
1240,649
1186,654
1130,658
1073,663
1013,670
948,675
875,682
821,687
783,692
748,693
711,697
680,696
651,693
623,689
598,686
576,683
555,681
537,679
522,677
509,674
499,671
492,668
488,666
491,662
502,659
522,655
554,649
612,637
676,630
750,622
807,618
885,615
962,610
1022,605
1088,601
1159,598
1217,594
1276,590
1328,587
1380,581
1427,578
1472,574
1516,571
1557,568
1593,564
1628,560
1662,558
1691,554
1718,552
1742,549
1766,545
1787,542
1803,539
1819,535
1833,532
1842,528
1849,527
1855,525
1859,519
1860,517
1857,515
1853,512
1847,509
1838,504
1826,502
1812,499
1796,497
1777,496
1755,492
1732,489
1704,485
1675,484
1643,481
1609,478
1571,472
1533,469
1490,467
1445,464
1396,462
1346,460
1293,458
1238,455
1179,453
1117,450
1053,446
986,445
912,444
854,443
822,438
789,461
775,445
752,440
718,442
682,449
649,452
612,460
580,466
552,470
528,477
509,483
497,490
491,497
490,503
494,511
505,519
526,525
558,534
614,544
676,548
746,555
801,560
880,562
938,563
1003,570
1068,573
1128,576
1183,583
1236,587
1285,591
1331,595
1375,599
1416,604
1455,608
1489,613
1524,616
1551,621
1581,624
1606,627
1628,634
1646,638
1663,643
1677,647
1688,651
1697,655
1702,660
1705,665
1707,668
1707,673
1703,675
1696,680
1688,685
1676,689
1662,693
1644,699
1624,703
1602,709
1576,715
1549,719
1519,724
1486,730
1450,735
1411,740
1370,747
1328,751
1280,757
1231,763
1179,768
1125,774
1065,781
1006,786
944,792
876,797
816,800
788,814
755,804
725,806
694,806
667,803
640,796
618,788
597,780
578,770
559,761
540,751
523,740
507,730
494,721
483,712
477,704
476,696
481,687
491,679
511,669
546,655
603,643
665,635
733,624
795,620
866,613
922,610
988,606
1047,600
1102,594
1166,590
1217,585
1266,579
1312,575
1354,570
1394,565
1432,559
1467,557
1501,553
1529,547
1555,545
1578,540
1597,536
1617,532
1633,528
1646,525
1656,520
1664,516
1670,512
1674,510
1675,508
1675,503
1671,500
1666,496
1658,493
1647,490
1634,487
1618,483
1600,480
1580,475
1557,472
1533,468
1507,463
1477,459
1441,457
1407,453
1368,449
1327,444
1284,443
1237,438
1189,434
1139,432
1085,429
1028,426
969,422
908,418
841,418
783,415
749,411
720,407
692,406
667,406
644,407
621,409
600,412
581,415
564,417
548,420
533,423
519,426
506,432
494,436
483,442
473,446
464,453
456,460
451,467
447,474
446,482
447,489
453,497
462,505
478,513
502,520
535,529
585,542
650,550
717,557
781,561
840,570
905,573
978,580
1032,586
1092,589
1155,598
1207,604
1258,609
1305,616
1348,623
1391,628
1429,632
1465,640
1498,647
1529,651
1556,658
1582,663
1605,671
1625,675
1641,682
1656,688
1668,694
1677,701
1684,708
1689,713
1691,719
1690,726
1687,731
1682,740
1675,746
1664,752
1650,757
1636,766
1617,773
1597,779
1573,786
1547,794
1519,801
1488,809
1455,815
1418,823
1379,831
1338,839
1294,846
1248,855
1197,863
1146,871
1091,879
1033,888
975,895
907,904
856,917
820,915
787,919
757,921
727,918
698,911
665,902
635,891
606,879
578,866
554,853
532,835
514,821
500,806
488,792
478,777
474,764
475,752
482,741
497,733
520,722
556,713
618,698
680,689
749,682
799,678
872,673
930,668
988,664
1046,658
1095,651
1155,645
1203,638
1250,635
1292,629
1332,624
1371,618
1403,613
1436,607
1466,605
1493,599
1516,595
1537,590
1555,587
1573,581
1587,577
1600,574
1607,571
1615,568
1619,563
1621,561
1621,557
1618,553
1613,548
1605,544
1594,540
1582,537
1567,534
1550,528
1529,526
1507,521
1483,518
1455,513
1425,508
1393,506
1359,501
1318,498
1279,496
1236,493
1192,490
1145,486
1094,483
1041,478
987,474
924,471
861,468
807,463
757,456
731,440
707,451
685,447
664,446
644,446
624,448
606,450
590,451
574,453
560,454
546,456
532,459
519,461
506,465
494,468
481,473
470,479
460,484
452,491
446,498
442,504
440,511
442,518
446,525
455,531
471,538
496,543
532,550
587,559
651,564
721,570
785,572
861,576
915,576
988,581
1053,585
1117,585
1171,592
1227,595
1280,600
1329,604
1376,607
1419,608
1459,613
1498,616
1530,619
1564,622
1593,625
1621,630
1645,633
1665,638
1684,641
1702,644
1715,649
1729,650
1737,655
1745,657
1748,663
1750,666
1748,671
1747,672
1740,676
1732,680
1721,683
1708,687
1693,690
1674,695
1653,697
1631,701
1604,707
1577,711
1545,716
1513,718
1476,725
1439,729
1395,734
1352,740
1307,745
1258,749
1205,755
1152,759
1095,765
1034,769
971,774
907,779
840,782
800,784
772,778
742,789
715,790
689,787
663,783
635,776
606,765
581,756
560,747
540,738
523,727
509,717
497,708
489,698
484,689
482,679
485,671
494,661
512,651
544,637
597,625
655,614
722,604
782,599
849,593
904,590
972,585
1023,578
1081,572
1139,567
1189,565
1236,560
1280,553
1320,550
1359,546
1395,542
1428,540
1460,535
1487,530
1513,528
1536,523
1555,520
1572,518
1588,513
1601,510
1612,506
1620,503
1625,498
1628,498
1630,496
1627,491
1624,486
1617,482
1609,479
1598,474
1584,472
1570,468
1553,463
1531,462
1507,459
1482,454
1455,451
1424,447
1392,444
1355,440
1318,435
1277,433
1232,431
1186,429
1140,427
1088,423
1036,419
982,418
924,415
862,411
816,426
794,414
771,415
747,411
720,406
694,408
667,412
640,416
613,420
587,427
564,433
541,441
520,448
503,454
489,462
480,469
476,476
476,483
482,489
495,494
517,499
550,505
604,516
670,518
740,524
800,523
872,528
934,533
999,536
1062,540
1124,545
1177,551
1231,555
1282,559
1329,564
1375,569
1417,574
1457,578
1495,585
1531,587
1564,591
1593,596
1620,601
1645,605
1667,610
1687,616
1704,621
1719,624
1730,629
1741,634
1748,637
1752,643
1754,647
1753,653
1751,657
1746,662
1739,666
1728,673
1715,677
1699,683
1682,688
1660,694
1636,699
1610,704
1582,710
1548,715
1514,720
1477,726
1437,732
1393,739
1349,745
1301,751
1250,756
1194,763
1137,769
1077,776
1014,782
946,788
876,791
816,791
777,820
755,822
742,796
722,787
698,777
675,763
652,750
632,737
612,727
594,717
574,710
555,703
537,698
521,695
507,693
497,691
487,690
481,690
480,691
484,693
495,694
517,691
548,687
609,673
671,669
738,662
794,656
864,655
918,652
980,646
1035,642
1086,639
1147,635
1194,631
1240,627
1284,623
1325,620
1361,615
1396,612
1429,606
1459,605
1486,601
1510,598
1531,595
1551,592
1566,589
1579,588
1590,584
1598,581
1605,577
1610,575
1613,574
1611,570
1609,567
1605,565
1596,561
1586,558
1574,557
1559,554
1542,551
1522,549
1499,547
1475,544
1449,541
1419,539
1388,536
1354,534
1317,532
1279,530
1236,528
1192,526
1146,524
1098,522
1045,518
993,515
936,514
872,513
819,509
763,506
726,513
701,512
681,506
663,501
643,498
624,498
606,499
588,500
573,501
558,502
544,502
528,502
515,504
502,505
488,507
476,510
466,513
456,517
448,520
443,524
439,527
438,530
443,533
452,537
466,542
492,546
526,550
578,561
646,566
717,570
781,573
853,572
912,576
982,582
1045,579
1107,586
1164,592
1217,595
1268,599
1319,601
1364,606
1409,608
1448,613
1486,615
1522,619
1552,623
1583,626
1610,629
1636,634
1658,638
1678,640
1695,644
1709,648
1721,652
1731,655
1737,658
1741,663
1743,666
1742,669
1740,671
1735,676
1726,680
1715,683
1703,686
1686,690
1668,696
1647,700
1624,703
1597,708
1568,712
1537,717
1503,722
1466,726
1426,731
1385,737
1338,741
1291,747
1240,753
1188,758
1131,763
1070,769
1012,773
946,778
876,781
814,785
766,797
727,802
690,802
660,796
634,789
613,781
594,772
576,764
558,754
541,742
525,732
510,723
497,714
487,708
480,702
476,698
475,692
481,688
496,683
519,678
554,674
612,662
675,655
740,648
796,643
871,639
922,636
987,629
1041,623
1095,621
1154,613
1201,608
1248,604
1290,598
1331,593
1370,590
1405,587
1438,583
1468,578
1495,575
1519,570
1540,565
1560,560
1576,557
1589,554
1601,550
1609,548
1616,544
1620,541
1622,538
1621,533
1618,530
1613,526
1605,522
1594,519
1582,516
1567,512
1547,507
1526,503
1503,500
1477,496
1447,492
1416,489
1382,485
1346,480
1307,477
1264,473
1220,468
1172,464
1122,462
1066,460
1013,457
954,454
888,451
836,445
791,440
759,433
722,432
693,434
664,435
634,436
608,435
583,433
561,432
539,433
520,432
503,432
488,433
475,435
463,438
452,441
443,446
437,451
433,456
431,462
432,467
436,474
445,480
458,487
478,493
507,499
547,508
611,522
677,528
747,535
805,541
882,546
943,546
1006,556
1070,560
1130,565
1183,571
1237,577
1284,583
1331,590
1373,593
1416,599
1453,605
1488,611
1521,615
1550,622
1577,626
1601,633
1623,639
1641,646
1658,650
1670,656
1681,663
1689,669
1694,674
1697,681
1697,687
1696,693
1692,699
1686,704
1676,711
1665,717
1650,724
1633,730
1613,737
1592,742
1565,750
1538,756
1507,762
1476,770
1438,775
1401,783
1360,790
1317,797
1268,803
1220,811
1169,817
1116,824
1058,833
996,839
938,846
900,849
874,854
852,859
830,859
803,853
774,845
745,836
714,828
684,821
653,813
621,803
592,794
566,786
543,776
524,766
507,756
493,746
483,736
475,728
472,720
473,713
479,707
491,700
511,692
543,681
599,667
662,659
729,649
787,643
857,636
911,631
976,624
1030,619
1085,609
1146,604
1194,598
1243,591
1286,585
1329,579
1367,573
1403,567
1440,561
1470,558
1499,551
1525,546
1548,540
1569,534
1586,529
1603,525
1616,519
1629,516
1637,510
1643,506
1647,502
1650,498
1649,495
1645,488
1640,482
1632,475
1622,471
1609,465
1594,460
1576,455
1553,449
1532,444
1506,438
1479,432
1447,429
1415,424
1378,418
1339,414
1296,408
1250,402
1202,397
1153,393
1102,388
1046,383
987,379
925,373
860,369
801,366
770,362
745,353
723,346
699,340
676,339
653,342
631,346
609,352
587,360
566,366
547,372
528,379
512,386
497,396
485,403
474,412
463,419
454,426
447,433
442,439
440,446
439,453
442,461
451,469
463,477
482,485
509,493
546,502
605,517
672,525
741,533
797,537
874,544
929,545
996,553
1056,560
1117,562
1168,570
1219,577
1266,582
1312,589
1351,594
1393,599
1427,606
1460,610
1491,616
1520,621
1544,625
1566,631
1585,638
1602,641
1616,648
1629,654
1636,659
1643,665
1647,670
1647,676
1645,682
1643,686
1635,692
1627,699
1615,704
1602,711
1586,716
1567,723
1543,730
1520,735
1494,743
1465,749
1434,753
1397,760
1362,766
1322,772
1281,779
1236,785
1188,792
1139,798
1086,804
1032,812
975,817
918,825
883,835
864,839
843,854
829,856
810,856
788,844
764,838
742,835
717,830
692,825
669,820
645,815
621,808
598,799
577,790
558,781
539,771
524,762
510,754
499,747
490,739
484,734
481,728
485,722
498,715
522,707
560,700
633,684
703,678
774,671
826,668
901,664
971,657
1030,654
1094,649
1151,640
1208,635
1258,629
1309,623
1352,618
1397,613
1438,608
1477,604
1512,598
1546,593
1576,588
