#x_position,y_position
1352,399
1352,399
1328,393
1300,387
1269,380
1237,373
1203,367
1166,362
1128,354
1087,347
1043,341
998,335
950,328
900,321
853,316
818,313
787,315
757,320
729,328
696,339
663,352
631,366
602,380
575,394
552,408
530,419
513,431
501,441
492,451
487,458
487,466
492,474
503,482
520,491
544,500
576,508
619,514
668,519
723,524
781,527
837,530
881,530
942,537
985,539
1033,543
1083,544
1129,548
1167,550
1207,553
1244,557
1278,559
1310,562
1339,566
1367,568
1393,570
1418,575
1438,577
1456,581
1474,583
1488,586
1502,589
1512,591
1521,594
1528,598
1533,599
1535,602
1537,606
1535,610
1533,612
1527,615
1521,619
1512,623
1501,627
1489,630
1475,634
1459,640
1438,641
1418,644
1396,647
1372,651
1346,655
1316,659
1286,663
1255,668
1221,672
1184,676
1146,679
1107,683
1063,687
1020,690
974,695
926,699
875,700
824,705
775,708
733,714
703,718
671,719
645,721
621,720
600,717
584,713
574,707
570,703
571,698
579,695
592,692
613,690
643,688
682,685
728,681
811,678
849,674
892,667
940,663
987,659
1031,653
1074,647
1117,641
1155,636
1192,630
1227,626
1260,621
1290,616
1319,610
1344,605
1370,601
1392,595
1410,590
1430,585
1447,580
1459,575
1471,570
1482,566
1489,561
1496,556
1500,551
1503,547
1503,542
1501,538
1499,534
1494,529
1487,524
1478,520
1466,516
1454,511
1439,506
1423,502
1403,498
1383,494
1361,488
1336,485
1312,480
1282,475
1253,472
1220,467
1186,462
1150,458
1113,454
1071,449
1029,445
985,440
938,436
889,433
843,428
794,423
748,433
723,423
697,432
669,434
644,436
621,439
597,440
578,446
562,452
552,458
547,466
546,474
550,481
561,489
579,497
605,505
637,511
678,518
725,524
776,528
830,532
870,531
925,534
970,538
1013,541
1056,547
1101,547
1138,548
1175,551
1210,553
1241,556
1271,559
1298,561
1325,564
1347,567
1369,569
1389,572
1407,574
1422,577
1436,579
1447,583
1456,585
1464,588
1471,591
1475,593
1477,595
1476,598
1475,600
1471,604
1467,607
1458,609
1452,614
1440,616
1428,619
1415,621
1399,625
1381,630
1359,632
1339,635
1316,637
1293,640
1263,645
1236,647
1204,651
1173,654
1139,658
1103,661
1064,665
1025,667
983,671
941,674
896,677
850,681
804,683
773,677
752,681
731,685
707,690
684,690
658,688
632,685
607,678
582,672
563,663
548,655
538,647
531,639
526,632
526,627
531,624
539,621
552,620
571,617
597,615
627,611
670,601
718,599
768,594
820,591
868,585
907,580
951,575
994,570
1035,565
1074,560
1111,553
1144,547
1177,543
1208,537
1236,532
1262,526
1287,520
1309,516
1330,511
1349,505
1366,501
1380,496
1393,491
1403,487
1412,481
1419,476
1425,471
1426,468
1429,462
1428,457
1427,454
1424,449
1418,444
1411,440
1400,435
1390,431
1378,425
1363,421
1346,416
1328,412
1308,407
1287,403
1263,398
1236,393
1209,389
1180,385
1149,381
1116,375
1081,372
1044,367
1006,363
965,358
923,354
880,350
836,347
816,344
802,348
789,353
775,361
754,368
728,372
702,376
671,382
644,388
618,393
595,399
576,405
559,410
547,416
538,421
535,427
535,433
541,438
554,444
572,448
593,453
624,458
672,464
719,467
772,471
828,476
870,474
926,486
972,487
1019,493
1070,493
1115,501
1156,505
1197,508
1234,513
1271,518
1305,520
1336,525
1366,529
1394,533
1419,537
1443,542
1465,546
1486,551
1503,556
1518,559
1532,564
1543,568
1553,573
1560,577
1566,582
1569,588
1573,592
1572,595
1570,600
1567,604
1558,609
1551,614
1543,618
1530,624
1516,630
1498,633
1482,638
1459,643
1438,648
1412,654
1386,660
1358,665
1326,670
1294,676
1259,680
1221,685
1179,691
1137,696
1093,702
1044,709
995,713
947,718
888,726
833,732
782,741
744,738
714,738
687,735
661,731
637,726
611,718
588,706
570,695
554,685
539,676
529,667
518,659
511,650
505,643
499,635
495,627
493,619
490,612
489,606
488,600
487,596
488,592
491,589
495,586
501,582
513,578
529,574
553,567
584,560
626,551
680,542
735,533
795,522
855,513
908,506
973,497
1019,490
1079,479
1135,469
1185,460
1233,453
1280,444
1322,435
1364,426
1403,418
1440,411
1475,400
1508,393
1538,384
1566,375
1591,366
1615,357
1637,347
1656,339
1672,332
1687,324
1699,315
1709,306
1719,297
1725,289
1730,281
1732,271
1733,263
1732,253
1727,246
1720,239
1710,229
1699,221
1686,212
1672,202
1656,192
1636,183
1613,174
1589,165
1562,155
1535,146
1503,136
1471,127
1433,117
1396,108
1353,97
1312,87
1265,78
1216,67
1168,58
1135,50
1121,54
1106,53
1094,55
1074,64
1053,74
1027,87
997,105
962,124
927,145
888,168
849,189
808,213
766,236
724,263
689,282
657,302
628,319
604,335
585,350
569,363
559,374
553,385
551,395
556,405
568,414
585,424
608,433
641,443
681,451
726,457
774,465
827,473
870,473
925,486
976,493
1016,500
1063,506
1105,511
1148,517
1185,523
1221,529
1253,535
1283,541
1312,547
1339,552
1361,559
1383,565
1402,571
1419,577
1434,582
1445,589
1455,595
1463,600
1469,606
1473,611
1474,617
1474,623
1472,628
1468,633
1462,640
1453,646
1442,653
1430,658
1415,665
1400,671
1382,677
1361,684
1339,690
1313,695
1289,702
1261,707
1232,712
1199,720
1165,725
1130,731
1092,738
1052,743
1012,749
969,756
923,762
875,768
828,774
783,779
750,783
721,783
693,781
667,779
641,775
613,769
584,763
560,756
539,749
522,739
509,729
500,721
495,712
495,706
501,701
513,697
532,695
556,695
588,695
627,695
676,689
732,682
801,678
858,671
904,666
958,659
1013,652
1059,645
1108,637
1153,631
1195,625
1237,618
1275,613
1312,605
1345,599
1378,593
1409,586
1436,578
1462,572
1487,567
1509,560
1529,554
1546,547
1564,541
1577,536
1590,530
1600,523
1607,517
1613,512
1616,504
1617,501
1619,494
1617,487
1613,482
1606,477
1597,470
1587,465
1574,457
1558,453
1543,444
1523,440
1500,433
1478,427
1451,421
1422,415
1391,407
1358,402
1323,395
1285,388
1245,382
1202,375
1157,369
1112,363
1061,356
1011,349
962,343
930,352
902,356
876,358
853,355
826,359
795,365
761,376
725,394
696,401
665,414
635,429
608,443
585,457
564,471
547,485
535,497
525,508
520,518
518,527
521,534
531,542
545,550
566,557
593,565
630,572
674,578
723,581
774,585
831,587
875,581
937,593
984,596
1031,600
1075,602
1124,607
1165,607
1203,610
1240,612
1277,615
1308,618
1338,621
1364,622
1389,626
1413,626
1433,630
1452,633
1467,636
1481,638
1492,640
1504,644
1511,647
1516,650
1518,653
1519,656
1520,660
1518,663
1514,665
1507,669
1500,671
1487,675
1476,679
1460,681
1444,685
1423,689
1402,692
1381,696
1355,699
1328,703
1299,706
1267,711
1234,714
1197,718
1161,722
1120,725
1077,730
1032,734
987,738
942,742
886,745
838,747
790,750
753,757
721,757
686,756
653,750
624,744
596,736
573,730
555,724
541,716
531,709
525,700
523,694
524,688
532,684
544,681
561,678
584,675
615,671
658,663
713,661
766,658
825,652
885,647
934,643
986,638
1039,631
1089,626
1135,619
1181,614
1221,607
1262,602
1301,597
1335,592
1367,586
1398,580
1426,574
1452,570
1475,566
1497,559
1515,554
1531,550
1546,546
1558,541
1569,537
1578,531
1582,528
1588,523
1592,518
1593,514
1592,510
1590,505
1585,502
1578,497
1569,493
1559,489
1546,485
1531,480
1515,476
1498,472
1479,467
1457,463
1432,459
1408,455
1380,451
1351,447
1322,442
1289,439
1255,436
1218,432
1181,427
1141,423
1100,419
1056,416
1014,410
963,409
916,405
873,399
849,400
829,399
811,398
795,403
773,408
747,412
720,417
693,423
666,431
642,440
622,448
602,458
586,466
572,475
559,483
547,491
535,497
527,503
520,508
514,516
511,522
508,527
508,533
513,540
522,548
536,555
554,562
577,570
610,578
655,583
702,586
750,590
804,592
851,593
894,597
944,600
981,600
1026,604
1062,605
1109,608
1144,610
1178,612
1210,614
1240,616
1268,617
1293,620
1316,622
1339,624
1356,627
1374,629
1389,631
1403,634
1415,636
1423,639
1431,640
1435,644
1440,645
1441,649
1442,651
1438,654
1437,656
1430,659
1423,661
1413,666
1402,668
1388,671
1373,674
1356,676
1337,679
1316,682
1294,685
1269,688
1242,692
1214,695
1181,697
1149,702
1115,705
1076,710
1038,711
996,715
955,719
908,721
862,725
815,727
773,731
738,733
708,733
678,731
652,731
628,728
605,723
585,718
569,712
557,707
548,702
543,697
539,692
540,688
546,684
558,680
572,675
595,671
624,664
666,654
717,651
766,646
819,639
867,633
905,633
949,625
990,620
1030,616
1068,609
1105,603
1139,598
1169,592
1198,587
1226,581
1252,576
1275,570
1296,566
1316,560
1334,555
1348,550
1363,545
1374,541
1384,535
1390,531
1397,525
1400,521
1400,517
1403,513
1401,507
1398,502
1389,499
1383,494
1373,489
1363,485
1350,479
1333,474
1318,470
1298,465
1279,459
1254,455
1230,450
1204,447
1175,440
1144,437
1111,432
1076,428
1041,423
1002,419
961,415
918,410
874,407
827,401
781,397
745,392
722,392
697,393
673,398
650,403
626,410
605,419
586,426
570,434
558,443
550,454
546,464
544,476
549,488
558,500
573,511
595,521
625,532
666,543
713,548
765,555
820,561
862,560
923,573
967,577
1016,583
1064,593
1111,596
1154,600
1193,606
1233,612
1267,617
1302,623
1335,629
1364,634
1392,640
1419,646
1443,652
1465,657
1484,664
1501,670
1516,676
1530,681
1543,687
1551,693
1558,699
1564,706
1566,712
1568,716
1568,724
1564,730
1559,738
1552,742
1546,749
1533,755
1522,761
1509,768
1493,775
1475,781
1454,789
1432,794
1409,801
1382,808
1354,814
1324,821
1293,827
1259,834
1222,841
1184,848
1144,854
1102,862
1057,869
1009,875
961,882
910,889
868,894
839,894
813,897
785,897
758,895
730,887
703,877
673,863
645,849
618,833
596,817
578,802
567,790
561,777
559,767
564,757
574,749
591,743
616,736
647,730
689,723
735,719
786,716
840,711
889,704
936,699
983,695
1027,686
1071,680
1114,674
1152,667
1190,662
1225,654
1259,648
1288,642
1318,635
1344,630
1370,623
1393,616
1413,611
1432,604
1449,598
1464,592
1477,587
1487,581
1495,574
1501,569
1504,563
1506,556
1506,550
1504,546
1501,539
1495,534
1485,529
1477,522
1465,518
1451,510
1434,506
1417,500
1396,494
1376,489
1349,482
1323,477
1293,471
1260,466
1228,460
1194,454
1157,449
1117,443
1074,437
1030,431
983,425
934,419
884,415
836,411
798,405
766,405
733,409
701,415
673,421
646,432
621,441
600,452
582,464
568,474
557,484
551,492
548,501
553,508
561,515
576,520
599,525
631,532
674,537
721,539
773,542
827,547
871,546
920,556
970,562
1010,564
1057,569
1099,574
1140,578
1178,583
1213,588
1245,592
1278,596
1308,602
1334,605
1357,610
1379,615
1401,620
1419,625
1435,629
1451,635
1462,638
1470,644
1479,649
1483,655
1486,660
1488,665
1489,670
1485,674
1482,680
1473,685
1465,690
1454,695
1443,701
1426,706
1410,713
1388,718
1367,722
1342,730
1316,736
1286,742
1257,748
1221,755
1185,762
1145,768
1106,774
1060,780
1017,787
966,794
917,801
881,801
854,803
826,808
800,807
773,803
747,798
721,791
695,781
670,772
645,761
620,748
597,736
576,725
556,715
539,705
524,696
513,688
503,681
498,675
497,668
501,663
513,659
532,654
558,651
591,647
634,637
698,631
757,628
823,624
886,620
939,617
994,613
1051,607
1106,602
1156,598
1205,594
1253,588
1297,584
1338,579
1379,574
1416,571
1451,565
1484,560
1515,557
1544,552
1570,548
1594,543
1616,539
1633,536
1650,532
1668,527
1682,524
1691,521
1703,518
1708,512
1710,509
1712,506
1717,502
1714,497
1712,492
1705,490
1696,485
1687,483
1674,478
1660,474
1643,470
1624,466
1602,461
1579,458
1553,454
1523,452
1493,447
1460,443
1425,439
1387,435
1346,431
1305,428
1259,425
1212,421
1162,417
1109,413
1054,411
996,405
935,403
886,399
855,397
804,421
781,416
751,414
723,415
696,422
668,430
642,437
617,443
594,449
574,454
558,460
549,466
543,472
543,479
548,485
561,492
577,499
603,508
641,516
690,522
742,525
801,530
855,531
911,535
970,538
1016,542
1070,545
1126,548
1170,547
1216,550
1259,551
1298,554
1337,556
1371,559
1406,561
1437,564
1465,566
1493,568
1517,571
1538,574
1556,576
1574,579
1589,582
1602,585
1611,586
1620,590
1625,593
1632,595
1635,597
1636,599
1633,602
1628,604
1620,606
1615,609
1605,612
1594,615
1579,618
1561,621
1543,624
1522,627
1500,630
1475,634
1447,636
1419,639
1387,642
1351,644
1317,648
1279,650
1239,653
1196,656
1151,659
1106,662
1055,665
1006,668
951,671
893,674
839,676
786,678
742,682
704,680
672,679
642,676
615,672
588,668
565,663
544,656
527,651
513,645
502,640
495,635
494,632
497,630
505,628
520,627
539,625
565,625
598,622
639,618
694,616
751,617
809,614
866,607
911,605
958,596
1009,589
1054,582
1099,575
1140,566
1180,559
1218,553
1254,546
1286,539
1318,532
1347,525
1373,519
1398,513
1419,506
1440,499
1457,494
1474,487
1487,482
1497,476
1505,469
1512,464
1517,459
1522,454
1522,445
1521,442
1515,436
1513,430
1505,423
1495,417
1481,412
1470,403
1452,398
1435,389
1415,381
1391,373
1366,367
1339,361
1309,354
1278,347
1242,340
1204,333
1165,326
1124,320
1081,314
1035,306
986,299
935,293
889,287
868,289
845,286
815,295
791,293
762,302
734,310
704,325
675,340
648,358
622,375
600,392
582,408
566,424
555,440
549,456
548,471
554,486
564,501
581,516
607,531
643,544
687,556
739,567
796,576
855,585
904,588
964,592
1017,601
1071,604
1123,610
1168,613
1214,620
1256,624
1298,629
1335,635
1370,640
1402,645
1434,650
1461,655
1489,661
1512,667
1532,672
1550,677
1569,682
1582,688
1596,692
1605,699
1613,704
1620,708
1623,716
1624,721
1622,727
1619,731
1614,738
1607,744
1598,749
1587,755
1572,760
1557,766
1539,771
1519,778
1496,784
1472,790
1445,796
1418,802
1386,808
1354,814
1317,820
1280,827
1241,832
1197,839
1154,845
1109,851
1060,858
1007,865
957,870
899,877
847,880
802,883
769,884
735,881
702,878
670,870
638,860
610,847
583,834
560,818
544,804
534,793
529,785
530,778
535,774
550,773
568,772
591,772
625,772
662,772
709,772
768,770
832,760
887,749
944,742
990,731
1040,722
1088,713
1132,703
1174,693
1215,685
1253,676
1286,667
1320,658
1349,648
1378,639
1405,630
1428,623
1449,614
1468,606
1484,596
1499,589
1512,579
1521,572
1530,563
1534,557
1541,548
1542,540
1542,532
1540,525
1536,517
1529,509
1523,502
1513,494
1499,487
1484,479
1470,472
1452,463
1431,457
1409,449
1385,441
1359,434
1330,426
1300,420
1267,412
1233,405
1195,398
1156,390
1117,382
1074,375
1029,368
982,360
933,354
882,346
842,351
818,354
794,357
767,367
733,381
696,400
666,415
636,431
607,449
583,465
561,481
546,497
537,512
534,527
536,541
545,554
562,567
587,580
621,593
664,602
713,612
767,620
825,625
876,631
930,633
982,633
1031,635
1082,637
1127,638
1169,639
1211,641
1249,643
1284,645
1318,646
1350,648
1380,650
1407,652
1431,653
1452,657
1474,659
1489,661
1506,664
1519,666
1530,667
1540,668
1547,669
1551,672
1554,672
1556,674
1556,676
1553,679
1549,683
1541,685
1533,687
1521,689
1508,692
1491,694
1478,696
1458,699
1436,702
1413,703
1388,706
1360,710
1330,712
1298,716
1264,719
1228,720
1189,724
1149,726
1107,729
1060,732
1015,735
965,737
914,741
861,743
805,746
751,748
707,750
672,751
643,749
612,744
583,734
563,725
548,714
539,704
536,694
538,687
547,681
563,676
584,673
611,669
647,664
692,660
741,655
802,651
853,649
895,644
940,641
983,637
1025,633
1063,629
1102,625
1136,620
1168,617
1199,614
1229,609
1255,605
1279,602
1301,597
1320,594
1337,590
1354,588
1366,583
1378,580
1387,575
1395,571
1399,568
1401,564
1402,562
1401,559
1395,554
1389,550
1382,546
1370,543
1358,540
1343,536
1326,532
1306,529
1284,526
1260,522
1234,518
1205,514
1174,511
1141,508
1104,504
1067,500
1025,494
983,493
935,487
893,486
844,483
803,476
781,474
759,478
738,480
718,483
698,487
677,494
654,502
631,510
608,518
587,525
570,531
554,538
544,546
539,556
537,567
541,580
551,594
568,607
592,621
625,635
665,647
712,658
764,666
821,672
876,677
920,680
975,685
1021,689
1069,692
1116,696
1157,700
1197,705
1235,709
1270,713
1304,717
1334,722
1362,725
1389,729
1414,734
1435,739
1455,743
1473,747
1486,752
1500,757
1511,761
1521,765
1525,770
1532,774
1534,779
1535,784
1535,787
1531,793
1526,796
1517,802
1506,808
1496,812
1480,817
1465,821
1447,826
1429,832
1405,837
1382,841
1354,848
1324,852
1295,858
1262,862
1226,869
1188,874
1150,879
1111,883
1065,889
1020,896
974,900
922,907
868,913
816,918
766,922
730,922
699,918
