#x_position,y_position
901,867
901,867
855,873
806,879
766,884
738,884
715,880
691,873
665,863
630,851
595,837
562,818
531,798
504,778
480,759
460,741
446,725
437,712
435,699
444,689
459,680
479,672
507,664
542,659
583,654
640,642
696,639
751,634
801,631
850,628
899,625
945,621
985,621
1033,615
1068,611
1104,610
1139,606
1173,603
1202,601
1230,597
1256,594
1279,591
1301,588
1320,585
1337,582
1352,579
1367,576
1376,571
1388,568
1394,565
1400,562
1403,559
1404,555
1404,552
1401,549
1397,546
1389,543
1381,540
1369,536
1356,533
1343,528
1326,525
1307,522
1286,519
1263,515
1237,512
1211,508
1179,504
1150,500
1114,496
1076,492
1039,489
998,486
955,482
910,477
862,475
811,469
759,465
705,461
676,459
654,452
633,453
609,455
585,459
561,465
537,474
509,485
482,493
461,504
443,514
430,527
420,538
417,550
419,561
428,572
444,582
466,592
493,602
528,612
573,622
622,628
674,633
727,638
776,643
821,646
867,648
912,651
954,655
992,660
1031,664
1067,667
1100,671
1131,674
1160,678
1189,681
1211,684
1234,688
1252,692
1273,694
1289,698
1302,702
1314,705
1322,709
1330,711
1336,714
1339,718
1341,721
1340,723
1337,726
1333,730
1325,733
1316,737
1307,739
1292,745
1279,747
1261,750
1241,754
1219,758
1196,762
1170,764
1141,767
1110,771
1077,775
1043,778
1003,782
965,785
924,788
880,791
834,795
785,798
743,801
721,804
705,806
688,806
665,799
638,790
610,779
580,767
544,752
519,737
496,723
479,711
464,700
457,690
456,682
464,674
480,665
503,658
536,651
575,644
630,632
687,629
742,626
791,623
844,619
895,616
941,615
981,615
1034,608
1069,603
1108,601
1144,598
1178,595
1211,590
1240,587
1267,584
1291,580
1315,578
1338,576
1357,571
1372,568
1390,564
1403,561
1413,557
1422,553
1428,551
1431,548
1435,546
1433,542
1432,538
1429,535
1422,530
1416,529
1406,524
1397,521
1382,519
1365,515
1348,512
1328,509
1310,504
1285,501
1262,496
1232,493
1203,489
1174,485
1139,481
1103,476
1063,474
1024,468
980,464
934,461
888,457
838,452
788,449
734,443
689,441
657,433
628,432
598,433
569,438
541,445
507,451
484,460
461,471
444,483
432,498
422,510
422,521
430,532
445,543
469,553
499,565
540,577
593,587
646,591
704,597
759,603
810,609
862,613
912,617
957,622
1000,628
1045,633
1084,638
1123,643
1160,649
1193,655
1226,660
1256,664
1280,669
1306,675
1332,679
1353,684
1371,689
1389,693
1401,698
1414,702
1425,705
1433,711
1439,717
1445,721
1446,726
1447,730
1445,736
1442,739
1436,745
1430,750
1419,756
1407,762
1391,764
1378,770
1358,776
1339,780
1314,786
1291,791
1266,795
1238,800
1206,805
1173,811
1135,816
1099,821
1059,827
1016,832
972,837
924,843
875,848
822,853
778,868
753,856
723,853
693,845
661,834
627,818
591,801
557,783
526,764
500,743
477,726
460,710
451,695
445,682
450,670
462,657
486,645
517,634
556,625
605,614
674,606
736,605
794,603
854,598
911,596
956,596
1020,594
1065,587
1110,584
1156,581
1198,578
1240,575
1277,573
1314,569
1346,567
1377,564
1406,561
1434,558
1456,555
1479,553
1501,551
1520,550
1535,545
1549,543
1563,541
1576,538
1584,536
1588,533
1593,531
1597,527
1598,524
1597,521
1595,518
1589,516
1583,515
1573,510
1560,507
1549,505
1536,503
1517,498
1499,497
1479,494
1460,492
1434,487
1408,484
1382,481
1350,477
1320,474
1286,470
1250,465
1214,463
1173,459
1131,456
1088,452
1041,449
992,444
941,440
890,436
835,432
779,428
719,424
658,420
612,417
581,418
555,424
529,435
498,444
479,452
462,460
449,471
439,485
430,499
428,514
429,525
440,537
456,548
485,560
520,572
566,584
616,591
673,597
727,604
779,608
826,613
877,618
924,621
966,626
1008,631
1051,636
1089,642
1125,646
1159,652
1190,657
1220,660
1251,665
1274,670
1298,675
1321,679
1337,683
1355,688
1370,691
1384,697
1395,700
1403,706
1411,708
1415,713
1420,717
1420,721
1421,726
1417,731
1414,735
1407,739
1400,744
1389,749
1376,753
1363,758
1344,763
1324,768
1304,772
1281,777
1255,780
1229,785
1199,791
1168,795
1134,800
1097,805
1059,809
1019,813
977,819
930,823
885,828
833,833
790,837
764,846
744,850
723,846
698,839
669,830
636,816
607,802
577,785
543,767
517,749
496,733
479,718
464,706
459,695
458,684
465,676
481,667
507,659
541,652
584,644
644,631
703,629
762,624
817,622
872,616
925,614
968,614
1026,609
1066,602
1110,599
1152,596
1190,591
1227,588
1262,583
1293,581
1323,576
1353,573
1378,569
1402,565
1422,563
1443,558
1462,556
1474,552
1489,549
1500,546
1509,541
1516,537
1522,534
1525,531
1529,528
1528,523
1527,519
1523,517
1516,512
1510,508
1497,506
1487,503
1474,499
1460,496
1446,492
1427,488
1407,484
1383,481
1356,477
1331,472
1302,468
1270,463
1237,460
1202,455
1164,451
1125,447
1084,441
1040,438
994,432
947,427
896,423
846,420
792,414
735,409
678,405
633,400
605,404
578,406
555,406
531,409
504,420
477,429
460,442
447,455
438,469
435,483
437,495
443,507
457,518
476,528
503,540
542,552
595,563
648,568
708,578
767,583
820,588
872,594
927,600
972,606
1024,612
1065,615
1109,620
1150,626
1188,632
1225,636
1259,641
1289,646
1319,651
1348,657
1376,660
1400,665
1421,671
1440,674
1455,679
1473,684
1486,689
1496,693
1506,697
1512,702
1517,707
1520,710
1520,715
1520,719
1518,723
1512,729
1506,734
1497,739
1485,744
1472,748
1456,754
1439,758
1420,762
1399,768
1373,771
1349,776
1320,781
1290,786
1257,792
1224,795
1187,802
1147,805
1106,810
1063,816
1016,821
969,827
919,832
864,837
811,842
764,856
743,838
721,835
701,829
677,817
650,800
622,783
593,766
555,744
527,726
503,709
485,693
469,680
459,669
455,657
461,649
475,640
498,633
530,626
571,618
629,606
687,605
743,601
795,598
846,595
896,592
940,589
979,588
1036,584
1070,579
1108,576
1147,573
1180,569
1213,567
1241,563
1267,559
1293,555
1317,553
1337,550
1354,546
1370,545
1386,540
1397,538
1407,535
1418,532
1421,530
1429,526
1427,523
1430,519
1433,516
1431,514
1425,510
1419,509
1409,504
1399,501
1384,498
1370,494
1353,490
1336,487
1318,484
1295,480
1271,476
1246,471
1218,469
1186,465
1153,462
1120,457
1084,454
1046,451
1003,446
963,442
919,439
871,435
823,431
773,427
721,423
680,421
660,423
637,421
609,422
582,425
556,432
530,440
498,448
477,454
460,461
446,470
438,479
435,489
436,501
446,510
464,520
490,530
525,541
569,554
625,563
684,569
743,576
799,580
856,585
910,588
959,595
1014,600
1059,599
1102,604
1145,607
1186,612
1223,615
1259,618
1293,621
1323,626
1352,629
1378,632
1403,636
1427,638
1447,641
1466,646
1482,649
1495,653
1507,655
1516,658
1523,662
1528,665
1536,668
1536,670
1537,674
1535,677
1533,679
1529,682
1523,686
1517,687
1506,692
1497,693
1483,697
1469,700
1450,702
1433,705
1413,709
1391,711
1367,715
1340,717
1310,721
1282,725
1249,727
1214,730
1178,734
1140,737
1100,740
1059,742
1015,745
968,749
921,751
871,756
818,758
777,761
756,763
736,761
717,756
692,749
664,741
633,735
599,727
559,716
530,703
505,690
485,678
469,668
459,658
458,651
465,644
481,637
508,631
540,624
581,616
640,605
697,602
755,598
807,594
860,590
912,586
953,584
1002,583
1053,574
1088,570
1130,566
1169,562
1204,557
1239,552
1269,550
1301,545
1327,540
1352,536
1377,531
1399,527
1419,522
1436,518
1452,514
1461,510
1471,506
1483,500
1494,497
1496,492
1503,488
1503,483
1503,479
1499,473
1499,470
1491,466
1480,461
1474,457
1463,450
1450,446
1435,441
1418,435
1396,432
1375,426
1352,421
1323,416
1297,411
1265,406
1233,400
1197,394
1161,389
1122,383
1080,376
1037,371
990,366
942,360
892,353
839,348
782,342
732,333
699,336
675,334
652,330
627,330
601,334
573,343
543,353
509,364
484,376
461,388
440,401
423,414
408,428
398,440
391,452
390,463
392,474
402,485
417,497
435,507
461,519
494,530
535,543
590,555
645,561
707,568
766,576
820,582
875,586
929,592
977,599
1029,602
1071,606
1117,613
1157,618
1197,623
1236,628
1269,632
1302,637
1334,643
1362,647
1388,651
1410,658
1431,662
1450,667
1467,672
1487,676
1499,681
1510,685
1522,690
1529,693
1531,700
1533,704
1532,709
1534,715
1532,718
1529,722
1522,726
1513,730
1499,737
1486,742
1474,746
1455,751
1437,755
1415,761
1390,766
1366,772
1335,777
1306,781
1273,786
1238,792
1200,796
1163,801
1120,806
1076,812
1029,816
982,822
928,828
877,831
829,817
811,818
793,813
773,806
749,799
725,798
695,790
661,780
626,767
590,753
551,738
522,723
498,710
479,698
464,689
455,681
456,676
465,671
484,668
505,664
537,662
575,660
620,657
686,651
740,650
799,646
852,643
902,638
953,634
1000,632
1046,627
1087,624
1127,621
1166,618
1202,615
1237,612
1269,609
1297,606
1323,602
1352,600
1373,596
1394,595
1409,591
1426,587
1438,584
1452,580
1462,576
1470,574
1474,571
1478,569
1481,565
1480,562
1480,559
1478,556
1474,553
1467,549
1459,546
1449,540
1438,538
1423,534
1408,531
1389,529
1369,526
1346,522
1323,519
1299,516
1270,512
1243,510
1211,506
1177,502
1142,498
1105,494
1066,491
1026,488
982,486
937,482
891,478
843,474
794,470
740,466
689,462
647,459
616,459
584,460
549,461
523,464
500,468
476,474
456,479
436,485
426,495
414,502
410,511
416,523
430,533
450,545
478,557
516,569
565,581
619,589
675,595
734,602
788,607
844,609
899,613
949,616
998,620
1045,622
1088,626
1130,630
1170,633
1205,636
1242,640
1273,643
1303,647
1331,650
1357,654
1382,656
1402,660
1424,662
1439,666
1455,667
1470,672
1482,675
1492,678
1500,681
1501,683
1510,687
1508,689
1514,691
1514,693
1513,697
1509,698
1501,701
1494,704
1481,707
1468,710
1454,715
1440,717
1422,719
1401,723
1380,726
1357,728
1333,731
1305,735
1276,737
1245,740
1212,743
1178,746
1141,748
1102,751
1061,755
1019,757
974,760
929,762
883,767
830,768
787,770
759,771
737,770
717,767
695,760
670,752
643,743
610,735
572,726
537,712
512,699
492,686
475,676
464,664
462,656
465,649
478,644
498,638
529,633
564,627
606,621
667,612
720,609
774,605
824,603
873,598
921,595
958,593
1006,590
1052,583
1086,578
1122,575
1158,571
1191,566
1218,562
1249,558
1275,554
1300,550
1321,547
1337,542
1356,538
1374,533
1388,531
1400,526
1411,521
1416,518
1422,513
1425,510
1431,505
1429,503
1430,497
1424,492
1420,489
1411,483
1403,477
1390,473
1378,469
1362,465
1344,460
1323,456
1302,451
1278,446
1252,441
1223,438
1193,433
1159,428
1126,423
1089,418
1051,412
1007,406
966,402
920,396
872,391
823,385
767,380
726,376
709,373
689,377
667,371
643,368
616,369
589,373
561,379
526,386
501,393
478,402
458,413
442,424
429,437
421,449
418,462
420,474
429,486
445,496
464,506
491,516
526,527
570,539
626,548
681,554
736,561
788,566
843,571
888,575
937,580
978,586
1031,590
1068,591
1107,596
1144,601
1179,605
1216,609
1245,613
1272,618
1300,621
1324,625
1347,630
1367,634
1385,638
1400,642
1412,645
1423,650
1433,654
1440,657
1443,661
1447,666
1449,670
1448,674
1444,676
1441,679
1434,683
1425,688
1416,692
1403,694
1386,699
1372,703
1354,708
1331,711
1308,715
1285,719
1256,723
1227,727
1194,731
1161,734
1125,739
1088,743
1049,746
1005,750
961,755
916,759
866,763
822,768
798,765
778,765
759,763
736,758
711,752
684,741
653,732
621,721
589,709
549,695
521,683
497,672
476,664
461,657
451,650
450,645
456,641
469,635
492,629
523,624
559,618
601,611
662,601
717,597
774,593
828,589
878,585
928,582
967,579
1023,577
1065,570
1101,566
1141,562
1177,559
1212,555
1242,551
1270,549
1297,544
1323,541
1344,537
1364,533
1383,529
1403,525
1412,522
1429,518
1435,515
1444,511
1450,505
1457,502
1459,498
1462,494
1458,490
1456,488
1451,483
1444,480
1434,476
1423,473
1411,469
1394,466
1378,461
1359,458
1338,454
1315,451
1287,446
1263,441
1234,437
1204,434
1170,429
1136,425
1100,421
1062,415
1019,412
977,407
934,402
887,398
838,393
788,391
733,385
689,381
667,382
646,381
623,383
600,386
577,393
547,401
518,409
493,418
469,427
448,437
431,447
420,459
411,471
408,482
413,493
424,504
441,514
464,525
496,538
536,550
586,563
638,568
696,577
753,583
804,588
858,591
910,596
956,600
1004,606
1047,607
1087,612
1125,616
1163,621
1198,625
1232,630
1264,633
1290,637
1317,642
1340,645
1365,650
1384,652
1403,656
1418,660
1431,664
1439,669
1450,672
1459,676
1464,679
1467,682
1469,688
1468,692
1466,694
1460,698
1453,702
1445,705
1436,710
1423,714
1411,718
1395,721
1378,725
1357,728
1338,732
1313,736
1287,739
1259,744
1230,747
1197,750
1163,754
1127,758
1091,760
1050,764
1006,768
964,771
917,775
869,779
820,782
777,787
755,789
735,788
716,792
693,776
666,764
636,750
608,738
578,725
543,709
519,695
501,682
486,671
475,661
472,653
477,647
491,641
514,636
546,631
586,625
642,615
698,614
752,610
801,608
851,604
900,601
943,598
984,599
1033,593
1067,588
1103,585
1139,582
1174,577
1204,575
1234,571
1259,568
1284,565
1308,561
1326,557
1348,555
1363,551
1380,547
1391,545
1403,541
1410,540
1417,537
1419,532
1423,531
1422,525
1423,523
1418,520
1415,518
1407,515
1397,512
1388,507
1376,505
1362,502
1346,498
1326,494
1307,490
1282,487
1258,484
1229,480
1200,477
1170,472
1140,468
1104,465
1066,462
1027,457
988,453
943,450
897,446
850,442
800,438
750,433
708,428
696,426
677,425
657,421
634,419
608,422
581,430
554,438
524,443
501,450
482,459
466,470
454,481
445,493
439,505
443,518
449,528
464,539
486,549
516,561
554,575
604,588
656,595
710,604
765,611
816,617
863,620
911,624
956,628
998,631
1042,635
1080,640
1118,644
1154,647
1186,652
1217,655
1246,659
1270,662
1293,667
1315,670
1333,674
1350,677
1367,680
1379,683
1391,687
1399,691
1408,696
1411,698
1413,701
1415,704
1413,708
1412,711
1407,714
1397,718
1393,720
1384,724
1371,726
1358,729
1342,733
1323,736
1306,739
1283,743
1261,746
1236,749
1209,752
1181,756
1150,759
1117,762
1082,766
1045,769
1005,773
965,775
923,778
878,782
837,785
814,786
798,774
788,789
772,788
751,784
727,779
699,775
671,768
641,759
612,751
572,740
542,726
514,712
492,699
470,687
456,676
445,668
441,660
446,654
456,649
474,645
499,640
532,636
572,633
616,627
682,622
737,621
792,618
844,616
894,613
940,611
981,612
1036,609
1072,604
1111,604
1149,602
1183,599
1217,597
1246,595
1277,593
1301,592
1325,589
1346,587
1370,585
1386,582
1403,581
1417,578
1429,578
1439,574
1447,572
1452,571
1459,570
1460,568
1461,564
1458,563
1454,560
1451,557
1442,556
1433,553
1422,550
1409,547
1396,544
1379,542
1360,539
1335,537
1314,535
1285,532
1256,530
1225,527
1192,525
1158,521
1122,518
1082,516
1043,514
1000,509
953,509
906,506
855,503
800,500
758,487
739,493
718,493
697,491
673,492
646,493
619,494
593,495
566,497
539,500
511,505
480,507
457,512
438,518
424,524
414,532
410,538
413,545
422,552
440,561
462,569
490,578
528,591
575,602
629,609
684,616
742,622
797,627
849,629
901,629
953,632
997,636
1046,639
1088,644
1127,646
1168,650
1203,652
1240,655
1269,658
1298,661
1329,664
1352,667
1376,670
1396,672
1415,675
1433,678
1446,680
1459,683
1465,686
1478,688
1482,691
1487,694
1492,697
1492,700
1494,701
1489,703
1487,707
1480,709
1472,712
1462,715
1450,717
1437,719
1422,722
1402,725
1382,727
1361,730
1338,734
1312,737
1286,740
1254,742
1222,745
1189,748
1151,750
1114,753
1073,757
1031,759
985,763
938,765
889,767
839,770
790,773
757,774
728,781
703,777
676,768
648,756
617,746
586,736
547,724
517,709
495,694
476,682
464,672
457,662
457,655
464,647
481,641
503,636
534,630
572,624
616,619
681,610
736,608
790,607
842,604
893,601
939,600
982,600
1036,595
1071,590
1110,589
1148,588
1184,585
1216,583
1247,581
1273,579
1301,577
1324,574
1347,571
1369,569
1388,567
1404,565
1419,563
1431,560
1437,557
1448,556
1453,552
1457,551
1458,549
1459,546
1458,543
1453,540
1448,538
1440,535
1430,533
1420,530
1407,529
1391,529
1373,523
1353,521
1332,518
1309,515
1282,513
1253,510
1223,508
1191,505
1158,502
1122,499
1084,496
1045,494
1006,490
960,488
914,485
866,481
815,477
762,473
718,469
690,459
665,458
641,461
614,465
585,467
558,470
521,474
494,479
472,486
453,493
439,500
430,508
426,519
429,528
437,536
456,547
478,558
507,569
548,581
598,592
649,598
708,603
764,609
815,615
863,619
912,622
958,627
1004,630
1048,635
1089,641
1126,644
1164,650
1199,654
1233,658
1260,662
1290,668
1317,670
1340,676
1361,680
1381,684
1395,689
1413,694
1424,697
1432,702
1443,707
1451,708
1452,714
1458,718
1461,720
1460,725
1456,730
1452,734
1443,739
1435,745
1427,747
1414,753
1398,756
1381,762
1361,765
1341,769
1316,773
1291,777
1263,780
1234,784
1202,789
