#x_position,y_position
583,377
583,377
560,383
537,390
516,398
497,408
480,417
467,428
457,439
454,452
455,467
464,482
479,497
501,511
531,527
571,542
620,555
678,561
740,570
801,579
864,584
918,588
972,594
1019,597
1073,602
1132,609
1174,612
1222,618
1265,623
1303,628
1343,633
1380,638
1414,641
1444,646
1473,651
1500,655
1521,660
1545,662
1564,666
1581,672
1595,676
1608,681
1620,686
1627,690
1634,695
1638,699
1638,705
1641,707
1639,711
1633,714
1625,718
1618,723
1605,727
1595,731
1577,734
1560,738
1544,742
1521,747
1497,751
1471,754
1442,760
1413,763
1380,768
1345,771
1309,776
1268,781
1227,785
1183,788
1138,793
1087,795
1040,800
985,805
930,809
879,812
845,811
819,826
794,828
771,830
747,828
722,824
698,820
672,813
645,806
616,801
587,792
558,782
533,769
508,755
486,742
468,728
454,713
443,699
438,685
439,670
445,657
456,643
476,630
504,615
539,600
587,586
640,581
698,572
760,562
819,552
881,546
942,547
988,549
1029,544
1076,541
1133,529
1175,529
1217,525
1258,520
1296,515
1335,509
1366,506
1399,500
1428,495
1455,490
1482,485
1505,481
1525,475
1540,470
1557,465
1571,459
1584,453
1592,447
1599,443
1604,438
1607,432
1609,427
1608,420
1605,417
1600,410
1592,404
1582,399
1572,392
1553,387
1538,380
1519,374
1495,368
1473,361
1449,355
1420,348
1386,341
1352,335
1315,330
1278,321
1238,315
1192,308
1146,301
1099,294
1045,287
993,280
938,272
899,257
879,255
864,259
852,273
839,277
827,280
815,284
802,286
788,287
773,289
758,291
742,292
724,294
705,295
685,297
665,300
644,302
622,304
602,307
581,311
559,316
537,322
516,329
495,338
477,348
461,359
451,373
445,385
442,398
447,412
458,424
472,436
495,448
524,458
563,469
611,479
673,483
735,487
800,491
866,497
926,501
980,505
1033,508
1096,512
1150,518
1200,523
1247,528
1293,533
1337,536
1377,540
1415,545
1451,549
1486,553
1516,556
1544,560
1568,566
1595,568
1617,573
1636,576
1652,580
1665,584
1677,588
1686,591
1693,594
1697,597
1701,601
1703,605
1706,609
1703,612
1698,617
1686,619
1680,622
1668,626
1656,630
1642,634
1623,637
1603,641
1581,645
1558,649
1533,652
1502,655
1470,658
1440,661
1403,665
1364,668
1324,672
1282,675
1238,678
1189,681
1138,684
1085,687
1031,691
973,694
915,698
865,699
835,700
808,731
788,720
762,717
735,714
708,723
674,710
643,706
614,703
585,696
557,691
532,684
510,676
493,667
481,659
476,651
478,642
487,633
503,623
528,612
562,601
607,590
664,587
723,581
787,573
852,568
916,568
967,567
1014,565
1065,563
1115,562
1171,559
1216,556
1260,553
1301,551
1344,547
1381,545
1415,542
1447,539
1477,537
1505,533
1530,530
1554,528
1575,525
1594,522
1611,520
1620,517
1635,514
1646,511
1653,508
1656,505
1656,503
1663,500
1661,497
1660,493
1654,492
1647,488
1638,484
1626,482
1612,478
1596,476
1580,473
1558,470
1537,466
1514,463
1488,460
1461,457
1429,451
1395,448
1359,444
1322,442
1283,438
1240,435
1196,432
1148,428
1099,424
1047,419
993,416
937,412
882,409
841,401
825,405
805,405
778,403
753,401
725,400
682,395
651,394
620,398
588,394
559,390
534,391
514,396
498,404
488,411
484,421
488,431
502,441
521,451
549,463
589,476
644,487
704,491
769,499
838,506
903,513
953,515
1016,523
1072,529
1141,533
1192,539
1243,545
1292,549
1341,556
1382,561
1428,565
1466,571
1504,575
1538,579
1569,586
1602,591
1630,595
1654,600
1678,605
1699,609
1717,615
1734,621
1747,624
1758,627
1767,633
1772,637
1780,641
1780,647
1781,650
1782,654
1780,658
1773,662
1766,666
1755,670
1747,673
1729,680
1716,683
1699,687
1676,692
1658,697
1632,700
1606,704
1575,709
1544,714
1508,718
1475,723
1436,726
1394,730
1349,736
1304,739
1256,746
1206,749
1151,754
1097,758
1038,763
975,767
914,772
858,778
814,778
780,779
747,779
718,780
684,776
649,771
613,765
576,756
547,745
523,733
504,718
488,704
474,689
470,675
470,665
480,655
493,645
517,637
550,629
600,617
659,612
720,607
785,601
847,595
909,593
963,588
1014,584
1061,581
1120,580
1168,572
1212,569
1255,564
1296,561
1336,555
1372,552
1405,548
1436,543
1467,540
1492,535
1515,531
1536,526
1554,522
1571,518
1587,515
1601,510
1611,505
1618,501
1624,498
1630,495
1631,491
1629,485
1629,482
1624,478
1618,474
1607,468
1596,465
1583,461
1569,455
1552,451
1531,447
1511,442
1489,437
1461,432
1435,427
1403,422
1369,418
1336,412
1298,406
1257,401
1216,396
1173,390
1125,385
1077,379
1026,374
972,368
917,364
866,358
827,353
801,345
776,342
749,341
721,342
683,342
644,344
604,343
568,343
536,345
510,349
488,354
471,362
459,369
453,377
454,388
461,396
476,406
498,414
528,422
565,431
613,439
680,450
743,454
812,458
875,463
934,469
990,470
1043,475
1107,482
1158,489
1208,492
1254,498
1298,501
1341,507
1382,510
1419,516
1454,520
1488,526
1517,530
1546,534
1570,538
1593,542
1613,547
1630,550
1647,555
1662,559
1672,561
1684,566
1693,568
1695,572
1697,576
1700,579
1698,582
1697,585
1693,592
1685,598
1677,600
1668,603
1652,606
1638,609
1621,613
1600,617
1575,621
1552,623
1527,627
1497,629
1468,633
1435,637
1397,641
1359,645
1316,649
1276,652
1232,655
1185,658
1135,662
1081,665
1027,668
969,672
910,674
853,676
819,682
794,690
772,694
747,696
719,702
692,701
662,690
636,686
609,683
583,677
558,673
534,670
511,667
493,664
480,659
472,654
466,646
466,639
471,631
485,622
504,614
532,604
571,594
624,586
683,583
749,576
813,566
879,566
933,561
986,561
1035,558
1095,556
1150,549
1198,545
1244,540
1290,537
1335,533
1375,529
1414,525
1450,519
1486,516
1516,512
1545,508
1572,503
1596,499
1621,494
1642,491
1658,484
1672,481
1690,477
1701,473
1710,469
1713,465
1722,458
1728,456
1724,451
1726,447
1725,443
1715,438
1711,432
1702,428
1690,425
1676,419
1661,414
1643,409
1621,404
1597,400
1571,395
1543,389
1514,384
1481,378
1446,372
1408,368
1366,362
1322,356
1280,350
1231,343
1179,339
1128,332
1072,326
1011,320
955,314
898,313
865,309
844,303
823,305
800,309
770,285
746,313
719,302
683,313
652,320
617,330
587,340
558,348
534,358
512,370
499,381
491,396
492,411
501,426
516,440
539,453
570,468
614,484
668,494
726,502
790,511
857,516
919,522
964,528
1021,533
1073,537
1124,542
1181,546
1230,552
1275,556
1318,561
1358,565
1398,571
1433,576
1466,579
1496,585
1524,589
1551,593
1574,597
1595,602
1614,606
1631,611
1645,614
1656,621
1667,624
1672,628
1677,633
1682,638
1680,641
1682,646
1681,649
1672,652
1662,657
1653,661
1643,663
1629,668
1613,672
1592,676
1569,681
1546,685
1523,689
1493,692
1462,697
1429,701
1396,704
1355,709
1315,713
1274,717
1229,721
1182,725
1130,730
1077,735
1024,737
962,743
904,747
856,738
824,768
801,769
779,754
755,753
729,749
701,747
672,745
642,740
615,736
589,730
565,725
541,719
519,716
498,712
481,706
469,701
459,695
456,688
456,681
463,673
475,664
493,655
521,646
556,635
604,623
664,617
728,613
792,603
857,598
919,594
974,592
1021,587
1075,583
1136,578
1183,573
1233,570
1277,564
1319,559
1358,556
1397,549
1431,545
1466,541
1497,537
1524,531
1550,526
1575,522
1596,517
1617,512
1631,508
1646,503
1659,499
1670,494
1677,489
1684,483
1689,479
1690,474
1689,470
1689,464
1683,460
1680,455
1674,450
1662,445
1651,441
1638,434
1623,430
1605,424
1584,418
1561,413
1537,408
1510,402
1483,396
1451,392
1419,385
1382,379
1345,374
1305,369
1261,362
1218,358
1171,350
1121,345
1071,339
1015,333
963,326
900,321
844,314
804,312
781,312
756,310
733,310
709,311
680,313
648,316
613,324
577,334
548,343
521,354
499,368
479,381
461,393
447,404
439,416
434,427
432,439
435,450
441,463
452,475
467,487
489,499
520,513
560,526
608,539
665,545
723,551
785,558
846,564
903,569
954,574
1006,578
1054,584
1110,592
1156,593
1201,597
1241,603
1283,609
1320,612
1356,618
1389,622
1420,625
1447,632
1475,636
1498,641
1519,645
1539,650
1554,654
1568,659
1581,661
1591,667
1600,671
1605,675
1608,681
1610,685
1609,689
1606,694
1602,697
1595,702
1587,706
1577,711
1564,714
1549,719
1530,724
1511,727
1488,733
1464,737
1436,741
1405,746
1372,750
1340,754
1302,760
1262,763
1221,768
1177,773
1130,778
1081,782
1031,786
974,790
920,796
867,795
837,796
810,798
786,796
758,800
726,795
697,789
665,784
634,778
602,767
571,754
544,740
521,726
502,714
488,702
478,691
474,680
475,669
484,658
499,647
524,637
558,625
605,615
660,611
722,607
785,605
848,592
913,589
968,586
1013,584
1059,583
1112,579
1168,575
1212,571
1255,566
1296,562
1337,558
1373,555
1408,552
1440,547
1470,543
1494,540
1520,536
1544,531
1565,527
1584,523
1598,520
1611,516
1624,512
1629,507
1639,506
1642,501
1647,498
1647,491
1646,488
1644,485
1638,480
1629,477
1618,473
1607,469
1593,465
1577,460
1560,455
1538,451
1515,446
1491,442
1464,437
1434,434
1402,428
1365,423
1332,419
1293,414
1249,409
1207,405
1159,400
1109,396
1061,390
1007,387
954,381
893,375
841,370
807,363
783,369
762,368
740,368
716,369
686,374
654,377
624,377
592,379
561,380
532,382
504,387
480,393
458,398
443,404
429,410
423,419
421,430
423,439
430,449
441,461
459,471
485,485
516,499
556,510
609,522
672,529
735,534
799,541
862,546
919,551
972,557
1025,563
1077,568
1138,571
1181,576
1230,582
1274,588
1315,592
1355,597
1391,603
1426,608
1458,611
1487,616
1514,622
1539,627
1563,632
1582,638
1598,642
1614,647
1628,651
1639,656
1645,662
1653,666
1658,671
1659,676
1659,681
1657,686
1653,689
1646,694
1639,699
1623,703
1612,708
1599,714
1577,719
1558,724
1534,729
1508,734
1484,738
1455,744
1420,749
1384,754
1349,759
1309,765
1266,769
1221,774
1175,780
1126,785
1074,789
1019,795
959,800
900,805
849,810
818,812
796,811
775,814
754,812
729,810
706,807
680,805
657,801
636,797
613,790
592,782
572,772
551,763
533,754
516,745
502,736
489,724
477,713
468,703
465,691
464,680
471,670
484,659
503,648
532,639
572,626
627,616
686,610
749,604
816,598
881,597
941,595
995,592
1045,590
1105,592
1157,585
1206,582
1250,579
1295,576
1337,572
1376,570
1412,567
1445,564
1479,562
1508,558
1534,557
1558,554
1581,550
1601,546
1617,544
1637,541
1649,539
1661,535
1669,531
1677,528
1679,524
1685,522
1684,518
1681,515
1678,512
1673,509
1666,506
1657,501
1647,498
1632,496
1618,491
1600,488
1581,483
1557,481
1532,477
1507,475
1478,470
1447,467
1415,463
1380,460
1343,455
1303,449
1262,446
1217,442
1171,439
1123,435
1074,430
1018,427
965,421
909,419
854,415
823,411
801,408
784,408
765,407
743,407
715,404
681,402
644,391
611,385
581,378
554,376
529,374
506,374
485,375
468,379
454,386
447,394
447,405
452,414
462,424
480,434
506,445
540,455
586,468
651,479
707,484
774,493
835,498
892,502
941,505
999,512
1048,517
1109,520
1154,529
1200,535
1244,541
1287,546
1327,552
1362,557
1400,563
1434,569
1464,574
1492,577
1518,583
1543,588
1564,594
1583,599
1600,605
1614,610
1629,614
1637,621
1645,625
1652,631
1655,636
1658,641
1657,646
1655,651
1651,655
1643,660
1635,665
1622,669
1609,674
1591,680
1573,684
1553,689
1529,695
1503,700
1475,705
1444,711
1409,716
1373,721
1334,726
1291,732
1248,738
1203,743
1150,749
1098,754
1046,759
985,765
939,754
908,789
888,778
860,778
833,776
803,774
773,772
742,770
710,766
680,761
650,753
621,743
593,732
567,724
540,717
516,710
496,701
478,692
466,683
458,674
455,664
459,654
469,644
485,634
509,622
541,611
583,598
642,589
702,584
768,579
833,570
897,566
953,563
1007,557
1056,553
1113,546
1169,542
1216,537
1263,532
1306,526
1349,521
1388,515
1426,510
1461,505
1494,498
1521,494
1552,489
1577,485
1600,478
1622,472
1639,468
1656,463
1669,457
1682,451
1689,445
1699,441
1704,435
1708,430
1709,425
1708,420
1705,414
1699,408
1690,404
1681,396
1668,391
1653,383
1635,376
1619,371
1596,364
1574,357
1549,351
1520,346
1488,338
1458,332
1420,324
1384,318
1345,311
1301,305
1256,298
1209,290
1158,283
1107,276
1050,268
993,260
937,254
890,276
872,269
860,276
842,283
818,283
800,280
778,284
757,287
734,290
707,293
680,297
649,307
617,316
589,322
562,326
537,331
513,339
493,346
478,354
463,363
454,373
448,384
451,393
458,404
471,415
488,424
513,433
545,444
587,455
643,466
705,470
768,477
833,484
895,491
951,495
1009,503
1061,506
1125,510
1172,521
1219,527
1266,533
1308,539
1349,544
1388,550
1422,556
1458,561
1487,565
1514,570
1542,575
1563,581
1585,585
1606,590
1621,595
1636,601
1648,606
1657,611
1665,616
1674,621
1678,625
1680,632
1675,637
1677,642
1674,647
1669,650
1658,655
1649,658
1637,662
1622,667
1606,672
1584,676
1565,681
1542,685
1514,690
1487,695
1456,700
1423,704
1389,708
1350,713
1311,718
1271,722
1226,727
1182,732
1133,737
1082,742
1032,745
975,749
920,755
862,760
814,763
780,795
762,769
737,767
711,766
681,771
653,766
624,759
594,752
563,741
532,730
506,718
486,703
470,688
458,675
453,660
452,645
458,632
472,618
493,604
524,590
566,578
620,570
678,564
740,558
807,549
873,545
928,542
981,543
1026,539
1079,535
1140,530
1185,526
1234,523
1277,517
1319,514
1358,509
1396,505
1432,500
1464,497
1495,493
1522,489
1548,485
1574,481
1593,477
1614,472
1629,468
1646,462
1657,458
1670,454
1677,449
1685,445
1688,441
1687,436
1691,432
1687,427
1685,424
1675,418
1667,414
1655,409
1644,404
1626,398
1610,394
1590,387
1568,385
1544,378
1517,373
1488,367
1454,362
1421,356
1382,350
1344,344
1300,337
1255,332
1206,325
1156,319
1105,313
1047,306
990,300
928,293
872,290
842,284
826,284
808,285
783,317
763,310
741,313
718,314
696,316
672,318
646,321
615,328
586,334
558,339
531,345
508,352
488,359
472,368
462,381
458,394
464,407
477,418
496,430
525,441
561,455
608,469
671,479
732,485
796,492
861,501
917,507
969,514
1024,520
1077,531
1140,534
1184,542
1232,549
1274,556
1317,562
1355,568
1391,575
1425,582
1457,587
1484,593
1512,601
1535,606
1556,613
1575,619
1597,627
1607,631
1619,637
1631,642
1638,649
1645,657
1646,662
1647,667
1648,673
1647,678
1641,683
1632,690
1623,694
1614,701
1599,706
1584,710
1562,717
1542,723
1518,729
1496,734
1468,740
1437,746
1406,752
1369,758
1333,762
1292,768
1250,774
1206,780
1160,786
1110,791
1057,797
1000,803
943,810
887,815
847,813
821,831
797,833
771,834
744,834
715,831
686,828
657,824
627,818
598,810
571,801
547,790
525,779
506,768
490,755
477,743
468,731
464,719
467,708
477,698
494,689
520,679
555,669
603,657
665,652
728,648
795,648
856,646
913,637
963,635
1015,631
1070,632
1124,626
1171,620
1216,616
1260,611
1300,608
1341,604
1378,602
1414,597
1444,593
1474,589
1502,586
1526,581
1549,577
1567,574
1587,570
1605,564
1618,559
1630,556
1640,551
1645,548
1651,545
1656,540
1657,538
1656,532
1651,530
1643,523
1638,519
1630,514
1620,510
1602,503
1587,499
1566,493
1546,489
1518,484
1498,479
1470,475
1439,471
1406,465
1370,459
1332,453
1290,449
1246,444
1202,438
1151,434
1101,427
1048,422
991,416
933,411
874,406
827,388
799,418
780,414
755,395
717,392
688,397
656,399
626,397
595,394
566,392
537,393
512,395
488,399
467,406
449,413
439,423
431,435
430,447
433,461
442,475
457,486
477,499
505,512
539,525
583,539
637,549
697,553
757,558
821,564
883,567
937,571
996,575
1041,577
1093,582
1151,585
1199,589
1241,592
1284,595
1323,599
1361,603
1395,606
1428,609
1458,612
1484,615
1509,619
1532,623
1550,625
1568,628
1581,631
1596,634
1605,638
1613,641
1619,642
1624,646
1626,649
1627,651
1621,653
1618,655
1615,658
1602,660
1593,663
1582,666
1564,669
1545,671
1526,673
1501,677
1476,680
1449,680
1419,684
1389,686
1354,689
1314,691
1278,693
1236,695
1191,698
1143,700
1094,704
1042,706
988,709
930,712
885,714
859,717
843,717
829,720
813,721
796,722
777,725
756,727
734,730
709,733
685,737
662,738
637,738
611,737
586,736
560,734
535,733
513,730
492,725
473,720
457,714
444,707
437,699
432,689
435,677
441,665
453,654
472,642
500,630
534,617
583,603
644,598
706,591
769,584
834,581
897,581
951,579
1004,577
1056,573
1107,570
1162,567
1207,563
1253,560
1295,557
1336,554
1374,551
1410,548
1443,545
1476,541
1503,538
1531,536
1556,530
1576,527
1594,524
1614,521
1628,518
1641,513
1650,511
1660,506
1667,504
1671,499
1672,494
1672,492
1671,488
1668,483
1658,480
1652,477
1643,473
1627,468
1611,465
1597,461
1576,455
1555,452
1528,448
1501,444
1473,439
1444,434
1406,430
1370,425
1331,421
1290,417
1245,411
1200,406
1149,402
1097,397
1042,393
985,387
926,382
874,380
830,377
811,377
783,374
760,372
730,369
702,372
672,382
646,380
618,381
589,383
561,384
535,387
511,391
490,397
471,405
458,413
446,426
442,440
443,455
453,469
465,484
486,501
514,518
551,535
597,550
650,563
706,571
768,577
832,583
891,587
945,591
998,594
1045,598
1103,604
1149,606
1195,609
