#x_position,y_position
1316,321
1316,321
1275,317
1232,313
1184,309
1135,304
1083,300
1031,296
979,292
920,287
862,283
800,277
760,258
746,295
730,289
707,283
682,284
658,286
634,288
611,291
588,295
567,303
546,312
528,323
513,332
502,340
495,348
493,355
496,361
504,367
518,372
536,375
559,378
590,382
631,388
679,390
734,395
795,401
858,410
919,416
977,422
1032,428
1083,434
1134,441
1181,446
1225,453
1267,460
1306,466
1342,469
1377,474
1407,480
1439,485
1465,490
1491,494
1516,499
1536,505
1556,509
1573,515
1587,519
1599,525
1609,529
1618,533
1624,537
1627,544
1629,548
1629,553
1626,556
1621,561
1616,564
1607,568
1599,570
1587,574
1573,580
1556,584
1538,589
1518,594
1496,597
1472,601
1445,606
1417,610
1387,612
1354,617
1320,622
1283,627
1244,631
1202,637
1161,639
1114,642
1066,646
1020,651
966,653
912,658
857,662
797,666
736,670
680,676
650,681
626,688
604,694
584,697
566,698
549,694
532,691
519,686
506,682
495,676
486,671
476,666
469,659
462,654
458,647
455,642
455,636
457,629
462,622
471,615
484,603
500,600
523,588
554,582
594,572
643,564
699,556
762,548
828,543
892,538
953,533
1011,531
1068,523
1124,519
1175,516
1226,511
1271,507
1315,502
1357,498
1397,494
1436,489
1469,483
1503,479
1533,474
1562,470
1590,465
1613,461
1636,456
1656,451
1674,446
1690,443
1704,437
1715,433
1724,428
1733,423
1738,418
1741,414
1742,409
1742,403
1738,399
1734,395
1728,387
1719,382
1709,376
1695,372
1679,367
1661,361
1644,355
1620,351
1596,343
1569,338
1541,331
1511,327
1476,321
1444,314
1404,307
1363,300
1320,294
1276,290
1230,280
1178,275
1125,268
1068,262
1009,253
952,248
888,240
841,233
810,229
783,224
757,223
732,225
708,230
684,237
658,245
633,256
608,268
583,282
558,296
536,309
515,323
496,335
480,347
468,356
462,363
461,369
468,375
480,380
499,384
524,389
555,392
594,396
645,401
700,405
762,412
830,419
896,428
962,435
1023,441
1082,449
1136,455
1188,462
1240,469
1289,477
1334,483
1379,490
1418,495
1454,501
1489,507
1522,512
1551,518
1580,525
1605,531
1629,537
1652,541
1670,546
1688,551
1703,559
1716,563
1726,568
1734,575
1740,580
1744,585
1747,590
1747,595
1744,601
1741,605
1736,610
1728,616
1719,622
1706,627
1690,633
1673,638
1655,643
1635,648
1611,652
1585,658
1558,665
1529,668
1497,672
1463,677
1427,682
1390,687
1347,693
1306,697
1260,702
1212,708
1162,712
1108,719
1053,724
996,729
939,734
877,740
811,747
759,752
729,758
704,759
681,755
658,749
634,738
610,725
587,710
567,696
546,681
529,666
512,653
500,642
488,631
481,621
476,612
476,603
480,596
489,589
504,580
525,573
553,564
592,555
639,548
693,541
754,534
820,527
884,523
946,518
1004,515
1060,510
1116,506
1167,501
1214,498
1261,494
1305,490
1343,486
1382,484
1417,480
1450,477
1481,474
1512,470
1537,467
1562,464
1584,459
1603,456
1621,451
1638,449
1651,444
1662,440
1672,437
1679,434
1683,429
1686,425
1688,420
1687,416
1684,411
1679,407
1672,404
1663,401
1652,397
1639,392
1623,389
1606,385
1587,380
1565,376
1542,372
1517,367
1488,362
1460,357
1427,352
1394,347
1358,341
1320,336
1279,330
1238,326
1192,321
1145,316
1096,311
1043,307
991,302
930,297
877,291
815,286
755,280
713,275
683,269
654,268
628,269
605,274
580,281
556,287
534,298
516,309
501,322
488,335
479,348
473,358
468,368
468,378
469,387
475,395
485,400
499,405
517,409
541,413
571,416
610,421
657,425
710,431
771,439
836,446
897,451
957,457
1013,463
1068,467
1123,473
1171,477
1217,482
1262,487
1302,493
1341,498
1378,502
1411,506
1443,511
1470,516
1499,520
1523,525
1547,528
1567,532
1587,539
1601,544
1614,549
1627,554
1638,558
1645,561
1650,565
1654,568
1655,572
1655,575
1653,579
1648,583
1642,588
1632,591
1621,596
1608,600
1593,603
1577,608
1556,611
1534,616
1511,619
1485,623
1458,627
1429,632
1396,636
1361,640
1324,642
1286,647
1244,649
1201,654
1156,658
1108,661
1057,664
1008,668
949,671
892,676
832,679
770,683
723,686
695,689
673,691
652,690
631,685
610,680
592,674
573,668
557,661
541,655
526,648
512,641
500,636
489,631
481,626
474,621
469,616
467,611
468,607
471,603
480,599
491,594
508,588
529,580
555,572
589,563
634,553
684,544
743,535
807,526
869,522
935,516
990,512
1045,507
1103,503
1153,497
1200,494
1246,491
1291,488
1329,483
1368,478
1403,475
1437,470
1467,466
1496,462
1523,457
1548,454
1572,449
1592,444
1608,440
1625,435
1639,430
1651,424
1660,421
1667,418
1673,414
1677,411
1678,405
1678,401
1676,397
1671,391
1665,387
1657,382
1648,379
1635,374
1621,369
1605,364
1589,358
1567,352
1545,347
1522,342
1495,337
1467,332
1436,327
1405,320
1371,316
1333,309
1296,305
1255,300
1209,295
1167,289
1119,284
1068,278
1018,274
964,265
907,260
850,254
791,245
756,237
728,234
703,235
679,237
653,241
626,249
599,257
572,266
548,279
527,292
512,305
499,317
490,328
484,337
484,346
489,353
500,359
516,364
537,367
565,371
602,374
649,379
702,384
762,390
825,396
887,403
952,409
1008,415
1062,421
1116,427
1167,434
1214,441
1259,445
1302,452
1340,457
1379,463
1415,469
1448,473
1479,476
1510,482
1535,487
1560,493
1582,497
1600,502
1618,508
1635,514
1649,518
1660,524
1670,528
1677,532
1683,538
1686,542
1688,548
1687,552
1684,559
1679,562
1672,566
1663,572
1652,576
1638,581
1622,586
1603,590
1584,594
1560,598
1534,603
1508,606
1477,611
1446,616
1410,621
1375,625
1334,630
1295,635
1250,640
1202,645
1155,649
1104,653
1047,658
993,665
931,669
872,673
817,678
780,683
751,688
725,689
702,688
679,684
658,678
637,672
616,664
595,657
576,650
557,643
540,638
523,632
509,625
496,620
484,613
475,606
469,600
465,594
464,589
467,583
473,576
484,569
500,561
522,554
551,546
587,538
631,529
681,521
738,514
800,508
863,502
928,496
984,493
1036,487
1093,485
1144,481
1191,476
1238,472
1280,469
1320,465
1358,461
1393,456
1425,451
1456,448
1484,444
1511,440
1534,436
1555,431
1575,428
1592,425
1606,419
1620,417
1631,413
1639,408
1647,404
1651,400
1653,396
1653,391
1652,387
1649,384
1643,379
1636,374
1625,368
1614,365
1600,359
1585,355
1566,349
1546,344
1525,340
1499,334
1473,329
1447,323
1416,316
1385,312
1347,306
1312,302
1271,299
1230,294
1185,288
1139,283
1092,276
1041,272
988,265
931,259
877,255
817,247
765,240
733,233
704,230
677,230
651,234
627,241
602,250
576,259
550,272
531,284
514,296
501,307
492,318
487,329
485,340
488,350
495,357
507,365
526,370
550,375
581,381
621,390
669,395
723,401
783,407
849,416
913,422
975,428
1037,433
1092,441
1145,446
1197,453
1247,458
1290,465
1333,470
1376,476
1413,483
1448,487
1481,492
1513,496
1541,501
1566,506
1590,512
1611,516
1631,521
1649,527
1664,532
1677,536
1689,540
1698,546
1706,550
1711,553
1713,560
1715,564
1712,569
1710,573
1705,578
1697,584
1687,586
1675,591
1662,596
1647,600
1626,603
1606,607
1584,612
1559,618
1532,621
1504,625
1470,629
1439,635
1401,638
1364,642
1322,648
1280,651
1237,654
1188,660
1140,664
1091,667
1034,670
980,676
919,679
857,684
793,688
740,697
714,702
691,703
669,702
646,699
625,694
604,686
585,679
566,671
549,662
534,654
520,646
508,639
498,631
490,623
485,615
481,608
482,599
488,592
497,590
513,583
536,575
563,567
599,558
641,553
690,547
744,540
805,534
868,530
930,524
986,521
1041,517
1096,513
1147,506
1194,503
1240,500
1282,495
1321,492
1358,487
1394,484
1425,481
1456,476
1483,471
1510,467
1532,465
1554,459
1574,457
1590,451
1604,448
1616,444
1626,439
1636,434
1642,431
1647,426
1649,422
1649,418
1648,415
1644,411
1639,406
1630,402
1620,397
1608,392
1594,387
1579,382
1559,379
1538,373
1516,369
1490,363
1463,357
1434,353
1404,347
1370,341
1333,336
1295,330
1255,327
1213,323
1170,315
1122,311
1072,305
1022,301
968,295
910,290
853,284
803,276
774,264
755,276
730,273
706,274
682,280
657,287
632,294
608,300
586,306
565,314
546,323
529,333
514,343
501,353
492,361
484,368
481,373
483,377
491,381
504,383
522,386
546,388
573,391
608,395
649,398
695,402
747,405
806,410
868,416
931,424
991,428
1047,434
1102,441
1152,448
1201,453
1248,458
1292,464
1333,469
1374,475
1411,481
1445,485
1475,490
1505,495
1531,499
1556,505
1579,510
1596,514
1615,519
1630,524
1645,529
1655,533
1664,537
1671,541
1677,546
1679,551
1681,555
1680,559
1677,563
1672,567
1665,573
1656,577
1645,581
1631,587
1615,591
1597,593
1578,599
1554,603
1529,607
1503,609
1472,616
1440,619
1405,624
1372,628
1330,633
1291,636
1246,641
1199,645
1152,650
1102,653
1045,657
991,662
931,664
871,669
809,675
782,679
757,679
736,683
714,683
694,680
673,675
652,669
633,660
612,652
591,643
571,635
552,627
534,620
518,613
502,607
490,601
479,595
470,589
463,583
460,579
460,575
464,572
472,568
484,563
500,557
522,546
547,538
583,530
627,521
679,515
736,508
799,501
863,496
929,490
983,486
1041,481
1096,477
1149,473
1196,467
1244,462
1287,459
1328,453
1366,450
1402,444
1437,440
1468,436
1497,429
1523,425
1547,422
1570,418
1590,413
1607,407
1623,403
1637,399
1648,395
1657,390
1663,386
1668,382
1671,378
1672,374
1671,369
1669,365
1664,360
1658,355
1650,351
1638,346
1625,339
1610,335
1595,330
1577,325
1556,318
1534,314
1510,308
1481,302
1454,297
1423,292
1391,285
1354,278
1319,276
1278,270
1238,263
1194,258
1149,251
1101,246
1051,240
998,233
946,227
888,222
831,216
796,214
771,213
751,212
728,210
704,211
678,214
651,218
624,225
597,233
571,244
548,255
527,266
510,278
495,289
483,300
475,310
469,319
467,328
468,336
472,343
479,349
490,355
506,359
527,363
552,368
584,372
628,378
677,379
734,386
795,393
858,399
919,405
978,411
1034,417
1089,425
1137,430
1186,436
1232,441
1273,445
1314,452
1351,456
1385,462
1418,467
1448,471
1476,475
1502,480
1527,485
1547,491
1567,495
1583,499
1598,506
1611,510
1622,515
1631,518
1637,525
1642,528
1646,532
1646,537
1643,540
1639,544
1633,548
1625,553
1614,556
1602,559
1589,562
1574,567
1554,571
1532,576
1511,580
1486,584
1459,587
1431,591
1398,595
1367,598
1330,604
1294,609
1252,612
1211,615
1168,619
1120,623
1070,627
1022,630
966,634
910,638
851,641
789,645
727,649
671,653
638,656
611,658
587,658
566,655
549,648
531,640
515,630
501,621
488,612
478,604
470,596
464,589
459,582
456,576
455,571
455,568
460,564
469,559
481,554
497,548
520,541
549,533
586,525
631,517
685,510
744,502
809,495
872,491
935,486
991,482
1048,478
1102,475
1152,471
1200,466
1246,462
1286,459
1326,454
1363,451
1398,446
1430,443
1462,438
1489,434
1516,430
1539,427
1562,423
1582,419
1599,415
1614,411
1628,409
1639,403
1648,399
1653,397
1659,391
1662,387
1662,382
1662,379
1660,376
1655,372
1649,366
1639,363
1629,356
1616,353
1602,348
1587,344
1567,339
1549,335
1526,330
1502,325
1475,321
1449,316
1419,310
1387,306
1352,301
1318,296
1279,292
1239,286
1196,281
1154,277
1109,270
1059,264
1008,260
959,254
903,249
847,244
789,237
754,237
731,232
708,224
683,224
658,231
633,240
608,249
583,260
558,271
535,283
515,294
498,306
487,317
480,328
477,338
479,347
486,355
497,363
513,370
535,377
562,383
598,391
643,395
694,400
753,406
815,412
879,418
942,422
997,427
1053,432
1108,437
1159,442
1205,446
1252,451
1296,457
1335,459
1375,465
1409,470
1443,474
1473,477
1501,481
1528,485
1552,489
1574,493
1593,497
1611,501
1626,504
1641,508
1651,513
1661,516
1668,520
1674,524
1677,527
1679,531
1677,535
1675,538
1671,541
1664,545
1656,549
1646,554
1631,556
1617,559
1600,561
1582,565
1559,569
1535,571
1510,575
1482,580
1453,581
1417,585
1384,588
1347,589
1309,593
1266,596
1225,599
1178,603
1130,607
1079,610
1027,614
973,615
914,619
853,622
792,626
730,629
691,631
661,630
635,628
611,624
589,619
568,612
548,606
532,600
517,593
504,588
495,583
490,577
487,570
489,564
496,552
507,548
528,538
556,528
593,517
640,507
692,499
751,490
815,483
879,475
944,470
1003,464
1061,459
1119,452
1173,447
1221,441
1269,435
1317,430
1359,425
1399,419
1439,415
1476,410
1508,404
1540,399
1569,395
1596,390
1622,386
1646,380
1665,375
1684,369
1701,364
1716,358
1727,353
1738,348
1746,343
1752,337
1757,332
1759,325
1759,319
1757,316
1753,310
1746,303
1738,297
1728,292
1717,288
1701,280
1685,274
1667,268
1648,262
1623,255
1599,250
1573,242
1543,236
1514,228
1478,222
1443,215
1404,209
1363,202
1321,195
1275,186
1230,181
1180,171
1127,165
1072,156
1014,150
957,143
898,136
857,134
829,128
800,125
770,128
739,137
708,149
677,163
648,179
621,197
595,214
570,232
547,249
528,265
512,277
501,290
494,300
494,308
501,315
517,321
536,325
563,329
595,333
638,338
688,343
744,349
805,356
868,365
929,371
986,377
1043,384
1095,390
1142,395
1192,403
1237,409
1277,417
1317,423
1353,428
1387,435
1418,441
1449,447
1475,453
1499,458
1523,465
1541,470
1560,476
1577,481
1589,486
1600,491
1608,495
1616,501
1621,506
1624,510
1625,515
1625,520
1621,526
1616,530
1610,534
1601,539
1590,544
1579,548
1563,554
1545,558
1527,562
1506,568
1482,572
1457,577
1429,581
1399,585
1369,590
1334,594
1298,600
1259,605
1218,610
1177,615
1131,617
1086,622
1035,626
985,630
931,635
877,640
817,644
757,648
707,652
687,653
668,646
649,641
631,636
612,631
594,627
576,624
560,620
546,615
533,610
522,604
513,595
504,589
497,583
494,578
494,573
498,566
506,560
518,553
536,545
561,537
595,528
637,520
688,513
745,505
810,498
875,494
940,489
995,485
1055,480
1111,477
1165,474
1214,468
1261,464
1307,461
1346,458
1386,452
1423,449
1457,445
1489,442
1520,436
1546,433
1574,429
1596,426
1617,421
1637,417
1656,413
1669,409
1681,406
1694,401
1702,396
1711,392
1715,388
1718,383
1720,380
1719,375
1717,371
1712,367
1705,362
1695,356
1684,352
1671,349
1657,343
1639,339
1620,334
1599,329
1577,324
1551,319
1525,315
1494,309
1464,303
1431,298
1397,294
1358,288
1320,283
1277,277
1235,271
1188,266
1140,260
1091,254
1039,249
983,242
926,236
865,232
805,224
759,217
725,216
696,218
670,221
638,230
608,240
577,251
549,263
523,279
504,292
489,305
479,316
473,326
471,336
475,344
483,351
496,357
513,362
538,367
568,373
609,380
658,384
713,390
776,397
843,406
907,413
968,419
1029,428
1087,434
1140,440
1192,447
1243,455
1289,462
1332,469
1376,476
1414,484
1451,490
1484,495
1518,501
1547,507
1575,513
1599,520
1623,527
1645,532
1663,538
1680,545
1695,550
1708,558
1718,563
1726,569
1732,575
1737,581
1739,586
1738,591
1737,597
1734,602
1728,609
1720,615
1709,622
1698,626
1683,632
1666,639
1648,643
1626,650
1601,655
1576,663
1547,668
1517,673
1482,679
1447,685
1409,690
1369,696
1324,702
1279,706
1233,712
1181,719
1127,725
1071,733
1015,737
953,745
892,750
837,751
799,749
767,745
735,741
702,734
667,726
635,718
603,706
572,692
546,677
523,662
503,648
487,636
472,624
463,615
460,606
463,595
472,587
487,579
508,571
536,564
573,557
617,551
669,543
729,537
793,529
854,524
916,518
970,513
1024,508
1076,501
1128,496
1174,492
1217,485
1261,482
1302,477
1337,471
1374,466
1404,461
1436,456
1464,451
1489,445
1514,440
1534,435
1553,430
1572,425
1587,419
1599,414
1610,408
1619,403
1627,398
1631,392
1633,387
1633,381
1632,376
1627,368
1621,363
1612,357
1601,351
1590,344
1575,338
1558,331
1539,326
1516,319
1492,313
1466,307
1439,300
1407,295
1375,286
1337,281
1301,274
1260,266
1216,259
1171,251
1124,243
1072,234
1021,227
965,219
906,212
853,204
824,201
792,202
762,205
732,210
704,219
679,229
653,242
627,257
602,272
577,289
554,305
532,318
512,329
495,338
482,345
473,351
470,355
475,359
487,363
506,366
531,368
563,371
605,376
657,378
714,382
777,388
845,396
908,402
972,409
1031,414
1086,420
1138,426
1189,433
1237,439
1281,444
1325,450
1364,457
1401,462
1438,468
1470,471
1501,477
1530,482
1554,486
1577,491
1596,495
1616,500
1632,504
1647,509
1659,513
1670,517
1678,521
1684,525
1688,528
1691,533
1690,537
1688,543
1685,547
1679,551
1671,554
1661,559
1649,565
1635,568
1618,572
1598,576
1579,580
1553,584
1528,589
1501,594
1471,597
1440,602
1404,607
1369,609
1329,613
1286,617
1244,620
1198,625
1149,628
1100,632
1046,636
990,640
934,643
875,648
811,651
747,655
703,657
673,656
645,653
619,648
593,640
570,632
548,624
529,616
512,610
496,606
484,602
474,599
467,595
462,591
460,589
460,587
463,585
470,583
481,580
498,578
519,574
547,569
582,564
627,559
679,553
737,546
803,539
869,531
937,524
995,521
1052,515
1114,510
1167,503
1217,499
1266,494
1312,488
1353,483
1394,479
1432,475
1467,468
1500,462
1532,458
1561,452
1588,446
1614,442
1636,436
1656,431
1674,425
1690,420
1703,416
1716,409
1725,406
1732,400
1737,395
1740,391
1741,386
1741,380
1738,374
1733,368
1727,363
1719,358
1707,350
1694,345
1680,339
1664,334
1646,329
1624,323
1602,317
1579,310
1551,305
1522,299
1489,292
1457,286
1422,280
1386,273
1345,266
1305,261
1260,253
1213,245
1168,239
1115,232
1062,225
1006,219
953,212
893,206
835,198
792,189
760,186
729,185
700,190
673,200
640,212
608,227
576,242
548,262
526,283
509,303
496,322
489,339
487,355
491,366
501,377
517,383
539,389
566,394
601,397
644,403
693,406
749,412
809,419
870,427
928,432
983,438
1037,444
1089,451
1135,456
1179,462
1223,467
1263,474
1302,479
1335,484
1369,488
1398,493
1425,497
1451,501
1473,507
1496,512
1516,517
1533,522
1547,526
1560,532
1571,537
1580,543
1587,547
1591,553
1593,557
1593,563
1591,567
1588,570
1581,575
1573,579
1562,583
1549,587
1534,591
1518,596
1498,599
1478,604
1455,608
1430,612
1402,616
1375,621
1342,627
1310,631
1272,635
1234,640
1193,645
1150,649
1106,653
1058,657
1011,663
958,664
901,670
846,673
785,678
724,682
675,686
645,686
619,683
596,677
576,668
556,658
538,646
522,636
508,626
496,615
486,604
479,594
473,585
469,575
468,566
469,559
474,553
483,546
496,541
516,534
542,525
574,516
616,508
666,502
721,495
784,488
847,483
913,479
973,475
1024,473
1086,468
1139,464
1187,461
1236,457
1278,454
1321,450
1360,446
1398,442
1433,438
1465,436
1497,430
1526,426
1551,425
1577,419
1598,416
1619,411
1636,409
1653,403
1666,400
1676,397
1685,392
1693,389
1697,384
1700,382
1701,378
1701,375
1697,370
1693,366
1685,361
1677,357
1666,352
1653,347
1637,341
1621,337
1601,333
1582,328
1557,322
1532,317
1505,312
1473,307
1443,302
1408,299
1372,293
1331,288
1290,284
1248,276
1201,271
1153,266
1104,259
1051,254
995,246
936,242
881,237
829,230
796,226
771,224
748,223
722,225
696,232
669,242
640,254
613,269
588,285
565,302
544,316
528,330
515,343
505,356
501,367
502,377
511,386
526,393
547,399
575,404
609,410
655,414
704,419
761,427
824,434
886,440
947,448
1001,454
1056,461
1108,466
1157,472
1202,477
1248,483
1288,489
1326,495
1362,500
1397,505
1428,511
1457,516
1483,520
1510,526
1530,531
1551,535
1569,540
1585,546
1598,550
1611,555
1620,559
1628,563
1634,568
1639,572
1640,576
1641,580
1638,584
1633,589
1627,593
1618,599
1607,603
1594,608
1580,613
1562,617
1543,622
1521,626
1498,632
1471,636
1444,641
1413,647
1382,649
1346,653
1311,657
1271,661
1231,665
1186,669
1140,673
1094,677
1041,681
990,684
932,690
877,694
816,698
759,704
722,703
694,705
669,702
646,698
622,691
599,681
578,671
559,660
542,649
528,637
516,628
507,621
501,614
499,607
499,600
502,593
510,588
524,582
544,574
570,568
605,561
648,554
699,546
753,538
809,531
865,527
922,522
971,518
1018,514
1066,509
1110,506
1152,502
1190,499
1227,495
1261,490
1292,487
1320,482
1346,478
1371,475
1392,471
1412,467
1429,463
1446,460
1458,455
1468,451
1477,447
1484,443
1488,439
1490,435
1491,432
1490,429
1487,425
1483,422
1476,417
1468,412
1457,409
1445,405
1429,401
1414,397
1395,392
1375,389
1353,384
1328,379
1302,374
1273,370
1244,366
1211,361
1177,356
1139,352
1102,347
1060,341
1018,336
974,331
926,326
880,322
827,316
772,311
719,306
672,302
651,297
633,294
616,287
600,284
585,282
570,283
556,287
541,294
525,301
510,309
496,316
483,324
474,333
467,342
463,351
463,359
465,367
470,374
479,380
492,386
509,392
532,397
561,403
598,408
643,413
695,420
753,427
816,434
876,439
934,444
989,449
1040,456
1092,460
1140,466
1184,470
1227,474
1267,480
1305,484
1338,487
1371,492
1402,497
1430,501
1456,505
1480,508
1502,513
1522,517
1539,521
1554,524
1568,530
1581,534
1589,538
1596,543
1601,547
1603,551
1604,554
1602,558
1600,561
1594,566
1587,569
1578,571
1565,576
1552,579
1537,583
1519,586
1499,589
1477,593
1454,597
1426,601
1398,604
1370,609
1335,613
1301,617
1262,620
1224,623
1181,627
1136,630
1090,634
1040,638
988,642
934,645
878,649
819,651
762,655
727,658
702,661
678,663
654,663
632,660
611,656
592,651
575,645
559,638
545,631
530,624
517,618
507,611
499,604
493,598
490,591
489,585
490,580
494,576
503,571
517,567
537,563
564,559
598,554
640,547
690,542
745,534
805,526
866,517
930,508
983,504
1037,499
1094,492
1145,486
1192,479
1238,471
1279,466
1319,460
1356,452
1391,446
1423,440
1456,432
1484,425
1512,418
1534,414
1557,405
1577,401
1594,393
1610,387
1623,380
1635,374
1645,367
1653,362
1657,353
1660,349
1661,339
1660,334
1656,326
1652,318
1644,312
1633,305
1622,298
1608,290
1593,283
1576,276
1555,266
1532,260
1509,251
1482,243
1453,236
1421,227
1388,219
1353,212
1316,205
1274,196
1233,188
1187,179
1138,168
1091,161
1039,153
982,143
925,134
866,124
831,120
805,115
779,113
754,116
726,124
699,137
674,152
649,168
625,185
601,204
578,220
555,237
535,252
518,264
503,274
492,283
485,291
482,298
486,303
496,308
511,312
533,315
561,318
594,320
642,325
693,330
751,336
814,344
875,351
