#x_position,y_position
1557,748
1557,748
1534,753
1509,758
1484,765
1455,770
1427,774
1394,781
1359,788
1323,792
1285,798
1245,805
1202,809
1158,816
1113,822
1063,826
1014,833
962,839
913,845
876,853
851,844
829,847
807,846
782,842
757,832
732,823
709,814
684,802
663,789
641,775
624,760
610,746
599,729
589,715
584,699
582,686
583,673
588,662
595,652
606,645
621,638
639,631
664,626
696,619
740,616
785,611
837,605
892,599
946,595
998,587
1043,583
1096,579
1148,574
1191,566
1236,561
1279,555
1317,550
1353,544
1386,538
1418,534
1449,529
1476,524
1502,518
1524,514
1546,510
1563,503
1582,499
1599,492
1613,488
1624,483
1631,477
1641,473
1644,470
1648,461
1649,457
1648,453
1644,447
1640,444
1635,438
1624,435
1615,430
1601,426
1590,420
1573,415
1555,410
1534,406
1514,401
1488,397
1464,392
1436,386
1406,380
1375,376
1340,372
1304,366
1265,362
1224,358
1180,352
1137,347
1091,343
1041,338
990,334
944,329
912,326
891,320
872,319
854,315
834,315
811,315
788,318
764,320
738,325
712,331
689,339
667,349
647,359
627,370
611,383
598,395
587,408
580,421
579,434
581,444
589,454
602,462
619,470
646,477
682,484
726,488
775,491
832,496
893,503
950,507
1008,515
1053,518
1110,524
1168,529
1217,535
1263,540
1307,546
1349,551
1391,555
1427,561
1465,566
1497,571
1528,577
1557,583
1583,587
1606,591
1625,597
1649,603
1669,606
1683,611
1697,618
1707,623
1716,627
1726,633
1731,637
1735,644
1738,648
1735,655
1736,659
1730,664
1726,670
1718,676
1710,681
1700,686
1686,691
1669,698
1652,704
1632,710
1606,716
1583,722
1558,726
1528,732
1499,739
1465,743
1430,751
1392,757
1354,764
1313,770
1269,776
1222,782
1177,789
1127,796
1072,804
1020,808
967,810
935,811
907,812
881,812
855,815
825,811
795,803
764,794
737,783
710,773
683,760
657,745
635,733
619,719
605,707
596,694
590,681
587,669
585,658
588,650
594,641
601,635
612,630
628,625
647,622
670,620
701,617
744,614
793,613
845,610
900,606
953,600
1004,599
1058,594
1113,592
1162,583
1210,578
1256,572
1298,568
1337,563
1377,557
1415,552
1448,548
1479,545
1509,539
1537,535
1560,531
1584,526
1603,522
1619,517
1636,512
1649,508
1661,505
1672,501
1687,497
1693,491
1698,488
1701,484
1703,478
1703,475
1701,472
1696,467
1691,462
1679,459
1670,454
1657,450
1641,445
1623,440
1603,436
1581,432
1558,428
1532,426
1506,421
1477,417
1442,412
1410,408
1372,404
1335,400
1294,396
1251,391
1206,388
1159,382
1112,378
1060,375
1008,372
961,364
931,369
908,372
885,374
865,373
840,378
816,382
790,387
761,396
731,400
706,406
681,412
657,418
635,423
617,430
605,437
596,444
592,452
592,459
596,466
606,473
621,480
640,486
667,490
703,493
744,495
792,498
846,504
901,508
954,512
1005,520
1044,521
1095,524
1144,526
1184,530
1225,534
1263,538
1299,540
1334,544
1365,547
1396,549
1420,553
1444,556
1468,558
1486,562
1504,565
1519,568
1536,570
1549,573
1558,576
1565,579
1574,583
1577,586
1579,592
1580,594
1578,597
1575,600
1569,603
1558,607
1552,610
1540,613
1528,617
1511,620
1492,624
1473,627
1452,630
1429,633
1404,636
1374,640
1346,644
1315,647
1284,650
1248,655
1211,659
1170,662
1130,665
1087,670
1043,674
994,679
948,680
906,683
874,688
851,694
830,697
807,697
784,697
761,696
739,695
715,694
697,692
676,689
657,686
639,683
623,680
608,675
595,671
583,667
574,662
567,657
562,651
560,647
560,641
563,635
568,631
577,625
589,621
603,616
623,611
647,608
681,603
723,600
771,595
825,591
883,587
941,584
999,579
1047,576
1106,574
1160,570
1212,564
1260,559
1305,555
1348,553
1389,549
1428,545
1464,542
1500,539
1532,535
1563,532
1589,529
1614,524
1640,521
1660,517
1678,515
1697,511
1713,509
1726,506
1738,502
1746,500
1754,497
1759,492
1763,490
1765,484
1766,481
1762,478
1758,473
1749,472
1741,468
1730,466
1716,464
1699,459
1687,457
1670,452
1647,450
1626,447
1602,443
1575,441
1546,437
1514,434
1480,431
1445,428
1408,425
1368,422
1325,419
1282,415
1236,411
1187,408
1136,406
1082,401
1026,399
980,395
948,378
939,386
920,390
903,400
881,406
857,410
834,412
811,412
787,413
763,417
739,420
715,423
693,428
672,433
651,439
630,442
612,445
598,449
586,453
576,456
571,461
568,466
566,472
568,477
572,482
579,486
591,492
604,498
624,505
649,511
680,517
718,522
764,526
816,531
875,536
929,539
990,548
1034,552
1092,557
1149,563
1196,565
1246,571
1290,577
1334,582
1374,586
1414,590
1448,595
1481,601
1510,605
1542,608
1572,613
1596,617
1616,622
1636,627
1656,630
1669,635
1685,640
1694,643
1706,648
1711,651
1712,658
1720,663
1719,668
1723,672
1721,675
1717,680
1713,685
1703,691
1696,697
1684,702
1669,708
1655,713
1635,717
1611,723
1595,727
1568,733
1542,739
1516,744
1484,751
1451,756
1414,761
1377,767
1336,773
1296,778
1252,783
1205,788
1158,793
1109,800
1056,807
1002,811
955,816
917,801
897,834
870,823
845,825
820,825
794,818
768,811
745,801
723,789
702,776
683,761
663,746
647,732
633,717
624,702
621,688
619,674
621,661
630,651
640,642
656,634
678,626
706,621
742,617
783,613
830,610
879,606
932,601
978,596
1029,590
1073,589
1124,586
1169,577
1213,570
1254,566
1289,560
1326,556
1359,551
1390,547
1417,541
1443,538
1467,533
1487,529
1508,524
1525,521
1539,518
1549,513
1560,509
1567,506
1576,501
1583,495
1585,494
1585,488
1589,485
1586,480
1582,477
1580,474
1571,471
1561,468
1549,463
1538,458
1522,454
1504,450
1485,446
1463,442
1442,439
1415,436
1387,431
1359,429
1327,425
1296,422
1260,418
1224,414
1187,410
1148,407
1107,404
1061,400
1018,397
970,393
919,390
868,385
827,382
804,376
787,373
771,370
755,368
740,366
723,368
702,369
683,372
666,374
650,376
635,378
620,382
605,386
590,390
574,395
561,401
550,407
539,414
534,423
529,432
528,442
529,451
533,460
540,468
550,478
563,487
579,496
601,505
629,511
663,520
705,528
753,534
807,539
865,543
919,546
976,551
1028,553
1079,557
1127,559
1182,561
1231,565
1276,568
1317,570
1354,573
1393,576
1428,579
1459,582
1489,584
1517,586
1543,588
1563,591
1585,595
1603,597
1624,599
1636,602
1652,603
1662,606
1671,609
1676,613
1682,617
1685,621
1686,625
1687,627
1683,630
1680,632
1675,634
1664,639
1655,642
1640,643
1624,648
1607,651
1591,653
1567,657
1544,660
1519,663
1494,665
1465,669
1435,672
1400,677
1364,680
1328,682
1290,687
1249,690
1205,694
1158,697
1114,701
1061,704
1011,708
958,711
909,713
872,716
846,717
817,720
790,720
762,718
734,714
705,711
680,705
656,699
637,691
620,683
604,676
592,669
582,662
576,654
571,647
572,640
578,634
587,629
600,626
616,622
638,619
669,617
706,613
755,610
806,605
862,601
922,598
973,596
1033,587
1083,589
1140,584
1191,576
1241,572
1287,567
1331,564
1373,560
1414,555
1452,553
1489,548
1521,545
1553,541
1584,536
1611,532
1638,529
1661,524
1682,521
1700,516
1718,512
1734,508
1743,504
1755,500
1761,496
1769,492
1776,489
1777,487
1780,482
1778,477
1772,475
1769,470
1763,468
1752,465
1743,460
1730,454
1711,451
1694,445
1671,443
1650,437
1624,434
1596,430
1565,427
1531,423
1497,419
1460,415
1419,411
1377,407
1332,403
1284,398
1233,393
1183,389
1140,385
1110,381
1076,380
1049,380
1020,381
990,382
958,383
929,386
899,389
869,391
840,394
812,396
778,400
749,402
722,403
697,408
674,411
653,415
632,419
612,423
593,427
576,430
563,432
550,436
540,440
531,446
523,451
518,457
512,462
510,468
510,474
511,479
515,485
522,491
530,496
542,502
558,508
575,515
602,523
632,531
669,538
713,543
764,548
821,552
878,558
935,564
993,570
1039,576
1096,580
1151,585
1194,589
1244,595
1285,599
1327,604
1366,609
1404,611
1439,615
1472,619
1502,626
1530,629
1555,635
1579,641
1599,644
1618,650
1634,653
1646,659
1660,663
1671,668
1679,672
1686,677
1690,682
1693,686
1690,689
1690,692
1689,699
1685,703
1677,709
1668,715
1656,720
1643,725
1626,731
1608,736
1587,740
1564,747
1539,751
1514,757
1486,762
1454,768
1421,774
1387,780
1350,785
1311,790
1270,796
1226,802
1181,807
1134,812
1083,820
1032,824
986,825
953,817
929,818
904,816
889,843
863,825
839,817
814,807
790,796
767,786
744,775
721,765
699,754
677,743
656,730
639,719
623,709
609,697
597,687
586,677
576,668
569,660
561,652
556,644
552,637
549,632
547,627
546,623
548,619
551,615
555,613
562,609
570,606
582,604
596,601
615,600
637,599
663,597
700,594
745,593
794,593
846,593
901,590
954,585
1009,583
1061,577
1115,572
1166,568
1214,561
1259,556
1304,550
1343,547
1383,540
1422,536
1455,531
1487,526
1516,523
1544,517
1569,514
1593,508
1615,504
1634,497
1652,493
1667,488
1680,483
1691,478
1699,474
1706,470
1707,465
1714,461
1714,456
1714,451
1710,447
1706,444
1699,439
1690,434
1678,429
1666,425
1650,421
1632,415
1614,412
1591,406
1568,402
1542,398
1514,392
1484,387
1450,383
1415,377
1378,373
1340,369
1296,364
1253,359
1204,354
1157,350
1108,345
1053,340
1005,335
964,332
932,330
903,330
874,332
846,336
815,340
787,342
755,346
725,352
696,356
669,363
643,369
620,375
600,384
582,394
567,404
555,415
546,424
541,436
541,447
545,458
553,467
567,475
583,483
609,492
639,497
680,503
727,506
781,510
840,514
901,518
959,521
1020,526
1065,528
1119,530
1177,531
1227,535
1274,538
1318,540
1360,543
1400,546
1438,549
1472,551
1505,554
1533,557
1560,560
1586,562
1610,564
1632,567
1650,569
1664,572
1680,575
1693,577
1704,579
1712,582
1719,586
1723,588
1724,590
1726,593
1722,595
1720,599
1712,602
1707,603
1696,607
1685,610
1672,613
1656,616
1639,620
1621,623
1600,626
1574,629
1548,633
1523,636
1494,639
1461,642
1430,645
1391,649
1352,652
1315,655
1271,658
1229,661
1182,664
1134,668
1085,672
1031,674
977,679
920,680
873,685
838,691
810,695
782,696
755,697
725,698
698,692
674,685
650,677
629,670
611,665
596,658
584,652
576,644
569,637
564,632
565,626
564,621
568,616
574,611
583,607
595,604
609,600
627,597
649,595
678,592
716,589
759,589
806,586
858,583
913,579
963,576
1020,567
1061,563
1115,559
1169,554
1212,548
1255,542
1295,540
1333,534
1368,530
1402,525
1436,521
1465,516
1494,512
1518,508
1542,503
1560,499
1578,496
1596,490
1610,486
1625,483
1632,478
1641,475
1647,470
1653,466
1653,460
1656,457
1653,452
1653,448
1644,444
1632,442
1625,436
1615,433
1600,428
1585,425
1569,420
1550,416
1527,412
1506,408
1479,404
1451,400
1419,397
1388,391
1353,386
1317,382
1279,377
1238,375
1195,370
1150,365
1104,362
1054,358
1002,353
949,350
900,348
866,347
837,351
812,353
787,356
761,358
730,361
701,368
674,374
649,382
628,391
606,400
587,409
572,418
559,428
548,436
540,445
536,454
535,463
535,472
539,480
549,491
556,497
569,505
586,513
608,522
637,530
671,538
710,545
756,551
808,556
863,561
916,567
975,572
1029,573
1074,578
1132,584
1182,584
1231,587
1276,591
1317,595
1354,599
1394,602
1429,605
1459,608
1490,612
1517,615
1546,618
1569,620
1591,624
1610,627
1625,631
1642,635
1655,637
1664,641
1669,644
1679,647
1684,651
1685,654
1686,660
1684,661
1681,667
1678,668
1673,672
1665,675
1655,680
1639,686
1626,688
1610,694
1590,697
1568,701
1543,707
1518,709
1490,714
1461,717
1428,722
1391,726
1357,731
1317,735
1276,740
1232,743
1188,747
1140,752
1091,757
1039,761
987,766
945,768
915,777
887,776
862,779
836,782
806,780
780,773
751,766
721,758
691,749
666,740
644,729
624,717
607,706
594,694
580,683
570,671
563,660
557,650
556,640
557,630
559,622
564,614
570,607
579,602
591,596
606,593
625,589
649,586
680,585
719,583
764,582
813,579
865,576
917,575
966,571
1020,566
1060,562
1110,559
1158,555
1199,551
1241,547
1278,544
1314,541
1348,536
1378,533
1408,529
1435,527
1462,523
1484,519
1506,515
1521,513
1540,508
1554,506
1565,502
1573,500
1581,497
1588,492
1590,490
1593,489
1594,483
1592,479
1590,477
1584,474
1577,472
1566,468
1555,466
1542,462
1523,459
1506,456
1485,452
1459,450
1435,446
1407,442
1377,438
1343,435
1308,432
1270,430
1231,428
1188,423
1144,419
1097,417
1049,413
1008,410
982,408
956,406
930,405
905,404
881,403
856,401
833,401
810,401
784,405
759,405
736,408
714,410
692,414
670,417
652,420
633,424
617,428
602,433
589,440
579,445
570,451
563,457
556,464
554,471
556,479
557,486
563,493
569,499
579,503
596,509
615,515
639,521
671,527
707,531
752,534
801,537
854,542
907,546
959,550
1014,555
1055,558
1108,565
1157,569
1199,573
1242,578
1280,581
1318,587
1351,591
1384,595
1412,600
1440,604
1465,607
1489,611
1510,615
1527,619
1543,623
1557,628
1570,632
1579,637
1583,641
1587,645
1593,649
1599,652
1600,656
1598,662
1595,668
1588,671
1580,677
1572,681
1557,686
1540,691
1527,696
1510,699
1489,704
1466,708
1441,714
1414,718
1386,723
1354,728
1321,733
1285,738
1250,744
1211,748
1170,754
1127,759
1081,765
1032,770
986,774
942,772
913,776
887,779
862,780
836,781
810,780
785,774
760,768
735,761
710,755
685,747
662,739
643,730
626,722
611,713
596,705
585,695
577,687
569,679
564,671
561,663
561,654
563,648
568,641
573,636
582,630
595,625
610,619
626,615
647,613
675,609
708,607
749,606
794,606
844,602
895,602
947,598
999,593
1045,590
1097,588
1149,583
1191,577
1237,573
1278,569
1315,566
1349,561
1385,557
1417,553
1446,550
1475,546
1498,542
1521,537
1544,535
1563,531
1579,529
1593,525
1606,522
1617,517
1628,517
1636,511
1640,508
1642,503
1643,499
1641,497
1638,493
1632,489
1625,487
1615,484
1603,479
1590,476
1575,473
1555,470
1537,467
1516,465
1491,459
1466,456
1438,454
1407,452
1375,448
1343,444
1307,441
1268,438
1226,436
1184,433
1139,429
1092,426
1045,423
998,419
960,415
931,419
906,417
878,410
851,409
825,409
799,409
773,409
745,414
719,413
697,414
678,414
659,415
642,416
627,417
613,418
601,420
589,422
580,424
571,427
563,431
557,435
550,439
546,443
544,447
541,452
541,456
542,460
543,466
546,470
550,475
554,480
562,487
572,490
583,496
599,502
620,509
645,515
678,521
717,527
763,530
812,534
865,538
918,541
968,546
1019,548
1059,550
1109,554
1158,558
1198,561
1237,564
1276,567
1310,569
1342,573
1373,576
1400,578
1427,579
1451,583
1472,584
1490,588
1508,591
1521,593
1533,597
1543,600
1552,603
1558,606
1562,608
1564,611
1566,613
1565,616
1561,620
1557,624
1547,628
1540,632
1529,634
1516,637
1502,640
1486,643
1468,644
1448,649
1426,650
1400,654
1373,658
1344,661
1313,664
1281,668
1247,671
1211,675
1171,678
1131,681
1088,685
1044,690
998,694
952,696
907,701
877,705
853,707
832,712
809,717
789,718
770,715
750,712
729,712
712,707
694,703
677,697
660,693
644,688
628,683
614,678
602,673
590,669
580,665
570,662
561,658
554,654
548,649
543,644
539,639
536,634
537,628
535,623
538,618
542,610
548,603
552,600
561,590
571,583
581,577
597,569
620,561
643,559
673,554
711,550
754,547
801,543
849,539
900,538
950,535
1002,531
1041,528
1092,524
1137,518
1178,517
1219,514
1256,510
1289,507
1322,504
1353,500
1382,497
1407,494
1431,490
1453,489
1472,485
1489,482
1503,480
1517,478
1528,475
1537,472
1543,472
1549,467
1552,465
1553,463
1550,458
1547,455
1545,453
1540,450
1533,449
1521,445
1510,442
1493,439
1478,435
1458,433
1437,431
1412,427
1384,425
1356,422
1326,419
1292,416
1256,415
1217,411
1178,409
1134,406
1090,404
1043,402
1000,398
967,395
934,389
903,385
876,384
851,382
828,380
808,378
788,377
768,375
748,376
733,380
719,382
704,385
690,387
677,388
663,390
649,391
636,392
623,395
610,400
598,404
586,410
576,416
567,422
559,429
551,436
545,445
541,452
537,459
537,466
536,472
540,480
545,486
553,491
567,497
583,504
602,509
629,516
659,522
698,525
743,529
792,533
844,536
897,541
949,546
999,549
1038,552
1084,556
1127,560
1176,563
1216,569
1253,572
1287,576
1321,581
1352,584
1379,588
1408,590
1432,595
1453,599
1471,603
1488,606
1503,610
1515,614
1523,618
1532,622
1538,625
1543,629
1545,634
1543,637
1543,642
1540,646
1535,649
1528,653
1517,656
1508,662
1496,667
1480,672
1463,676
1443,682
1422,686
1397,691
1371,696
1344,699
1313,705
1282,709
1250,714
1215,718
1177,723
1134,728
1093,732
1046,737
1000,741
956,744
916,735
892,743
874,743
855,751
832,749
810,744
788,739
767,734
746,728
724,724
704,717
685,712
666,705
648,699
632,694
619,687
604,682
593,678
582,673
573,669
565,665
559,661
555,657
548,654
547,650
547,646
548,641
552,638
558,633
565,628
574,623
584,619
598,614
614,610
635,606
661,601
695,597
736,594
780,592
827,592
877,590
927,587
973,582
1020,577
1058,573
1103,569
1151,566
1190,561
1227,556
1261,552
1294,547
1325,544
1354,539
1382,535
1404,532
1427,528
