#x_position,y_position
460,337
460,337
459,347
462,360
469,375
483,392
499,408
523,425
554,439
585,452
617,465
656,469
695,477
729,479
758,488
786,497
811,501
843,505
859,513
880,519
902,524
920,528
935,535
950,540
960,546
973,554
980,560
985,566
989,572
990,580
989,586
985,593
979,598
971,607
961,613
948,620
933,627
917,634
898,641
883,647
865,652
841,657
818,665
791,667
756,670
736,684
711,686
693,689
672,686
637,684
610,682
586,680
563,675
541,668
521,662
507,654
497,647
492,636
493,624
500,610
515,593
529,579
548,565
574,550
600,536
633,527
664,519
700,508
731,496
760,492
794,484
823,476
845,472
866,472
888,468
911,464
931,460
949,456
965,451
978,446
989,443
998,437
1005,434
1009,430
1012,427
1013,423
1011,420
1007,416
1001,413
993,410
982,406
970,402
956,397
940,394
921,391
900,386
880,382
866,380
839,376
812,371
786,368
746,365
724,363
703,363
680,365
663,361
636,359
608,358
579,354
547,348
521,345
495,338
477,337
465,339
457,343
452,350
453,359
459,370
471,385
488,401
511,418
540,433
571,446
608,456
644,462
679,470
718,474
744,480
768,485
791,490
815,495
837,500
858,506
878,512
894,517
910,521
924,527
935,532
943,538
950,544
955,549
957,557
956,563
954,568
949,574
943,581
934,587
923,594
908,599
894,606
877,612
859,617
839,623
818,627
792,633
769,641
740,649
713,653
680,659
655,659
631,663
606,661
585,661
565,662
545,661
529,655
515,651
504,645
499,638
499,629
503,620
513,608
525,597
546,580
570,568
596,558
630,547
663,541
696,532
729,524
760,519
785,512
809,504
830,501
850,495
869,491
889,488
906,482
919,478
934,472
945,466
954,461
961,455
966,449
968,444
968,439
967,434
962,429
957,425
947,420
937,415
925,410
909,404
892,400
873,395
854,391
832,385
809,379
788,375
763,370
731,366
699,360
660,357
635,349
610,345
588,339
563,335
542,334
520,334
500,332
484,333
471,335
462,338
454,344
452,351
453,362
458,375
470,391
486,409
511,424
539,442
571,456
603,465
637,474
675,483
710,486
739,492
764,500
787,506
816,511
831,519
852,524
871,530
888,535
904,541
917,548
928,555
937,562
943,569
948,574
950,581
951,588
948,595
944,602
937,609
928,616
917,624
903,630
888,637
874,644
856,652
836,657
813,664
798,670
774,676
739,672
717,692
695,690
672,688
651,689
629,689
608,686
587,684
567,678
547,675
529,671
515,666
505,659
499,650
498,640
503,629
516,616
530,605
549,592
573,578
598,566
629,554
664,546
697,538
727,524
762,521
785,513
814,504
838,499
860,497
879,492
899,485
919,480
936,474
951,469
963,462
973,457
982,451
987,447
990,441
993,436
992,432
990,426
985,420
979,415
970,411
959,404
945,400
930,394
912,390
892,385
873,380
853,375
837,370
809,363
783,361
753,355
721,355
687,347
663,344
637,341
615,340
590,342
570,342
544,343
520,341
503,342
488,343
478,345
471,350
469,357
471,367
478,381
492,396
506,410
530,427
564,438
595,451
625,461
663,467
698,472
732,479
756,485
780,493
802,496
824,501
845,507
864,511
882,519
899,524
913,529
925,535
935,540
942,545
947,553
950,559
950,565
949,571
945,576
938,582
930,589
920,595
907,601
893,607
875,614
858,619
841,626
818,632
802,637
777,642
752,640
717,654
696,664
674,666
655,669
632,672
610,671
589,672
569,674
549,673
532,671
514,668
501,665
491,659
485,651
484,640
488,630
497,617
509,605
527,589
548,576
572,562
604,549
633,539
669,530
703,520
737,509
763,502
790,490
817,485
841,483
864,478
885,470
907,466
925,461
941,454
955,448
967,443
976,437
985,433
991,427
995,423
997,417
997,412
993,407
988,401
981,395
973,390
960,384
945,380
931,373
914,369
896,361
874,357
854,355
832,351
811,343
784,337
756,333
722,333
702,329
679,330
656,333
629,335
610,338
589,338
570,334
541,340
521,338
501,338
484,340
473,342
467,349
467,358
469,370
476,384
485,398
498,413
517,430
542,445
575,455
610,465
645,474
683,483
722,487
751,493
781,499
807,507
830,511
855,512
876,519
898,524
920,530
937,534
953,540
967,545
979,551
987,557
994,562
999,568
1001,574
1002,579
1000,586
996,591
990,597
980,603
971,609
958,616
941,621
925,626
906,634
886,637
864,644
839,650
821,655
794,660
767,666
736,662
703,674
678,681
655,680
633,682
611,680
590,681
572,682
555,675
539,673
524,667
515,663
507,656
505,650
506,643
512,635
521,627
534,618
556,606
579,596
607,587
644,577
676,569
706,558
742,552
773,544
803,536
830,530
843,526
867,518
890,513
909,508
927,503
944,496
959,488
971,483
981,476
988,469
994,463
997,457
999,451
997,446
994,441
988,435
982,430
973,424
961,417
947,413
932,407
914,402
895,395
873,390
850,385
834,378
809,373
781,367
750,361
722,361
687,348
664,346
643,343
619,340
597,338
576,337
555,335
532,333
513,333
497,332
482,332
470,335
462,338
458,345
456,355
458,365
463,379
471,392
483,407
502,424
528,442
558,455
588,466
623,477
661,483
700,490
732,494
759,502
785,510
810,515
834,520
855,525
877,531
897,534
915,540
932,547
946,553
957,559
965,566
972,572
977,578
980,585
981,590
979,596
975,602
968,610
960,615
948,622
934,628
918,636
901,642
881,648
859,655
839,660
818,666
791,671
766,676
732,683
707,690
685,695
665,697
647,698
627,697
607,696
589,696
571,695
552,692
535,689
519,684
507,679
496,673
489,665
487,656
488,645
494,633
502,621
516,607
534,593
555,581
581,568
610,556
640,544
676,537
710,529
744,521
769,514
808,508
836,504
854,502
877,496
900,492
920,489
939,484
958,478
973,474
985,470
996,467
1004,463
1010,459
1015,455
1017,452
1017,449
1015,445
1012,440
1004,436
996,434
985,431
971,426
956,422
939,419
921,414
899,409
876,406
859,402
832,397
803,393
778,390
747,386
709,382
685,382
662,381
636,379
612,378
589,373
566,369
542,366
521,361
501,353
486,349
473,348
464,349
461,353
460,361
463,369
470,381
482,395
497,409
518,424
544,438
578,452
613,464
646,469
685,473
724,478
753,483
783,488
816,492
836,495
860,498
880,505
900,510
920,512
937,517
952,522
966,528
976,531
984,536
991,541
995,546
997,551
997,556
995,562
990,566
983,571
973,575
961,580
949,584
933,589
916,594
896,599
877,603
855,607
833,612
813,617
787,617
759,631
738,640
719,637
697,640
676,644
655,645
634,648
613,650
594,650
573,649
553,650
535,650
519,651
506,648
499,645
498,640
501,633
508,623
519,614
534,602
557,588
584,574
610,562
643,554
677,544
710,533
745,527
779,520
807,512
840,505
860,501
882,496
906,491
928,484
948,479
967,473
982,467
996,462
1007,457
1015,451
1023,448
1028,443
1031,438
1033,433
1031,429
1028,424
1022,419
1015,415
1005,410
993,405
979,399
961,394
944,390
925,384
901,380
879,374
854,370
835,364
809,359
780,355
742,349
724,346
703,341
679,339
660,334
636,335
614,334
594,331
568,330
546,330
524,328
500,329
486,331
475,335
469,342
466,351
469,360
475,372
486,385
500,400
521,415
548,429
582,442
615,453
655,458
693,463
731,467
760,472
793,479
825,484
847,486
870,490
892,496
914,500
934,505
952,509
968,514
980,519
992,523
1001,528
1008,533
1013,538
1016,544
1017,548
1015,554
1011,558
1005,564
997,568
986,572
974,577
958,582
941,588
922,593
902,596
881,602
860,605
840,611
814,616
786,621
755,623
723,633
698,639
675,643
651,647
630,652
607,653
587,653
566,654
547,654
530,652
517,651
506,647
499,643
497,636
499,627
505,617
514,607
528,594
544,583
564,569
590,554
620,541
652,531
685,521
719,514
749,502
781,495
818,489
841,481
863,478
883,474
909,466
929,462
949,456
965,449
980,444
992,437
1001,433
1010,428
1015,423
1021,419
1023,413
1022,408
1020,402
1016,397
1008,393
999,387
988,381
975,376
958,371
940,367
921,361
901,357
878,353
857,349
837,343
808,338
779,332
751,335
713,326
692,322
668,323
652,323
620,322
596,324
580,328
551,331
531,333
512,334
495,337
483,343
476,352
474,362
474,373
478,387
487,402
502,418
521,433
549,449
576,463
608,476
642,486
685,491
723,495
753,502
784,506
811,514
835,518
859,522
883,528
905,529
926,534
945,539
961,545
974,549
986,555
996,559
1003,566
1008,570
1011,575
1013,581
1011,586
1007,592
1002,597
992,603
982,608
971,613
956,619
937,623
918,629
898,636
877,639
855,646
832,650
810,657
784,652
747,665
726,668
704,672
682,672
660,674
635,673
614,672
590,672
566,669
543,666
523,662
508,656
500,649
497,641
498,632
505,620
520,604
536,591
555,577
578,564
605,552
637,544
668,534
696,523
734,519
758,511
788,501
814,494
837,494
857,492
879,486
900,479
918,474
934,469
948,465
960,459
968,453
975,448
981,443
984,439
985,435
983,431
980,427
974,423
966,417
956,413
944,409
929,404
913,400
895,396
875,392
852,387
831,383
808,378
789,373
761,369
725,372
707,356
688,352
670,348
650,347
629,345
610,344
590,344
573,344
549,343
528,342
511,340
495,341
481,343
473,348
470,356
472,367
476,378
487,393
501,408
522,424
550,440
585,452
616,463
651,476
688,485
725,490
757,494
787,502
815,509
845,511
860,518
884,525
904,527
925,534
941,540
956,546
969,552
980,558
988,565
994,570
999,576
1001,581
1001,589
999,595
995,603
987,608
977,615
966,621
952,629
936,636
918,642
899,649
879,654
856,661
832,666
811,674
785,679
756,684
720,696
697,696
676,692
648,691
627,690
603,687
581,685
560,680
539,676
522,670
509,663
500,656
497,646
498,636
504,624
513,611
528,598
548,585
571,572
599,558
632,548
664,539
696,530
730,522
764,515
789,508
821,500
847,494
872,493
894,491
915,489
936,483
955,479
972,476
986,471
998,467
1009,462
1016,459
1021,455
1025,451
1026,448
1026,445
1023,441
1017,438
1010,434
1001,431
988,429
975,426
959,422
942,419
922,415
898,411
875,409
863,404
836,402
807,399
782,395
738,389
717,386
693,382
670,379
645,376
619,374
597,373
574,372
548,367
526,363
505,358
491,357
480,360
474,365
472,372
476,384
483,394
494,407
511,423
533,437
565,451
595,466
625,477
664,484
701,488
734,493
767,499
800,505
828,508
846,513
866,517
890,523
912,527
932,531
949,535
964,540
976,546
987,551
995,556
1001,561
1005,567
1006,570
1006,576
1003,581
998,585
991,591
982,597
970,602
955,607
940,612
921,619
901,623
880,629
858,633
840,639
812,645
786,649
762,644
726,662
704,661
683,662
661,661
641,660
620,659
601,656
583,654
565,652
550,647
536,645
526,640
520,634
517,626
521,618
528,611
538,600
554,590
577,578
601,567
632,555
662,545
697,538
730,529
763,523
797,517
829,506
854,500
880,495
897,491
916,488
938,481
958,474
975,469
990,462
1002,457
1012,452
1020,447
1026,442
1031,436
1032,431
1032,426
1030,421
1025,416
1018,411
1009,406
999,400
983,396
969,390
951,385
930,380
909,375
888,370
872,365
844,358
821,357
783,346
763,340
747,338
729,336
710,337
689,335
668,332
650,328
625,326
599,325
573,323
549,321
529,321
510,323
497,330
486,339
480,349
477,362
482,376
491,390
505,404
523,419
545,433
574,446
607,457
640,465
677,472
717,478
751,481
784,486
817,492
839,496
859,499
882,504
905,507
926,509
944,514
961,519
976,523
988,526
999,531
1006,536
1012,541
1016,545
1017,549
1016,554
1013,557
1007,561
1000,565
989,570
977,573
961,577
946,582
928,586
909,590
886,593
869,600
849,602
823,606
803,604
767,623
747,625
730,623
709,622
689,623
667,621
646,621
625,620
605,617
581,619
557,621
534,622
521,619
510,616
508,610
511,603
519,594
534,581
553,569
575,558
602,543
636,535
669,525
700,516
735,509
764,502
797,492
830,485
849,479
869,475
893,466
914,463
936,457
953,450
968,444
980,438
990,433
1000,429
1007,424
1012,418
1015,414
1015,408
1014,403
1010,398
1004,393
997,389
986,383
973,377
959,373
943,368
922,362
901,357
887,349
867,346
839,339
813,335
786,330
752,323
729,318
711,318
688,317
665,318
649,314
617,312
600,311
571,312
554,313
529,314
516,317
495,321
483,327
476,335
474,343
475,355
481,369
490,385
503,400
521,415
546,431
572,445
607,458
637,466
679,471
719,475
745,479
777,483
811,489
836,494
853,497
875,502
898,506
919,509
935,514
952,519
966,524
978,528
987,533
994,538
1000,543
1002,548
1003,554
1000,558
997,563
991,568
982,572
971,577
958,582
942,587
926,593
907,597
886,603
865,607
848,613
824,617
795,622
775,618
738,635
716,637
695,632
672,633
650,635
630,636
609,637
587,637
567,637
548,635
532,634
519,630
511,625
507,620
509,612
516,606
528,595
549,582
570,570
595,559
626,548
659,540
692,530
726,524
760,515
787,510
817,499
842,492
864,489
888,483
909,476
929,472
947,465
963,459
978,454
990,448
999,441
1006,435
1012,431
1015,426
1016,420
1016,415
1012,409
1007,404
1000,398
990,393
978,386
964,382
948,376
929,371
910,365
888,360
874,354
849,348
823,344
792,338
766,333
735,329
699,322
676,318
654,314
628,313
601,313
578,315
553,317
533,318
515,320
495,322
483,326
475,333
471,342
472,353
477,365
488,380
502,395
521,410
549,424
579,438
612,450
644,458
681,464
720,471
749,475
779,482
813,488
831,494
854,495
875,503
898,509
919,513
936,518
952,523
965,529
976,534
986,541
993,546
997,552
999,557
1000,562
999,568
994,574
989,580
979,585
968,592
955,597
940,604
921,609
903,616
884,621
862,626
845,633
818,638
790,643
764,649
727,656
702,653
679,653
652,651
628,651
607,652
586,651
566,650
546,646
528,643
513,640
502,634
496,628
495,620
499,611
508,601
521,590
538,579
559,566
586,552
618,545
648,536
681,523
713,516
747,509
772,501
808,493
828,485
851,480
873,474
896,465
914,460
933,454
949,447
962,440
973,434
983,428
990,422
995,417
997,411
998,405
997,399
993,394
987,387
979,381
968,375
954,369
940,363
923,357
905,352
883,346
863,341
840,336
821,329
794,323
768,318
727,308
703,304
682,303
660,304
639,306
614,308
592,309
566,310
548,306
526,306
506,307
486,311
473,317
465,324
460,334
462,345
465,358
474,373
487,386
505,402
531,418
561,432
596,445
634,450
672,457
713,464
741,471
770,478
796,483
822,487
846,493
867,497
890,503
912,507
930,512
944,518
958,524
969,528
978,534
985,540
990,545
992,551
992,556
990,560
987,567
980,572
971,578
960,583
946,589
931,595
914,601
897,605
878,610
856,616
838,622
813,628
788,633
769,633
735,642
712,644
685,650
662,650
635,654
610,653
590,650
567,645
546,642
528,636
514,630
506,624
504,613
509,602
520,589
537,575
560,561
583,549
611,538
640,527
674,521
706,514
733,505
761,501
786,492
812,485
835,484
854,486
873,484
892,480
909,478
923,475
936,473
946,470
954,467
959,465
963,462
964,460
964,458
961,456
956,454
949,451
940,450
928,447
915,445
898,444
880,441
859,439
840,437
821,434
804,431
777,428
749,426
715,424
696,419
674,413
656,410
633,405
610,404
591,402
568,396
545,388
527,380
503,377
486,371
475,369
468,372
465,377
467,386
473,397
482,411
496,426
515,442
541,459
573,470
605,482
635,495
676,501
713,505
740,511
771,516
798,521
818,526
841,528
862,533
883,538
902,541
920,545
935,550
947,556
957,561
965,565
971,572
975,576
977,580
977,586
974,590
969,596
962,601
952,606
941,612
927,618
911,623
894,628
875,632
857,638
832,642
812,645
787,650
767,653
733,650
704,687
680,670
660,667
632,671
608,671
588,668
565,669
546,667
527,665
513,662
502,658
495,652
495,643
501,631
509,619
522,606
540,591
560,578
583,563
609,552
643,542
673,534
706,524
738,517
763,511
792,499
819,492
841,488
863,483
883,478
904,472
921,468
937,462
951,454
962,449
971,445
977,439
982,434
985,429
986,425
985,420
982,416
976,411
968,405
959,401
946,396
931,390
915,386
899,383
879,377
857,372
835,367
812,362
792,358
764,351
734,346
698,347
671,336
651,332
625,326
600,324
576,323
554,323
528,322
512,322
496,323
482,324
471,327
463,331
459,338
459,348
463,360
470,377
481,392
494,408
512,423
537,439
568,451
598,463
630,477
666,481
702,485
735,488
762,494
790,501
820,503
842,508
855,512
874,516
892,519
911,523
925,529
938,535
949,538
957,543
964,548
967,552
970,557
969,562
966,567
961,571
955,577
945,580
934,586
920,591
904,595
887,600
868,605
848,610
831,616
805,619
784,623
757,630
732,627
692,637
669,644
647,646
624,647
602,649
583,647
562,646
542,643
523,641
506,636
497,630
492,623
