#x_position,y_position
995,410
995,410
972,405
946,399
919,393
891,388
860,381
828,377
797,369
762,365
743,358
722,353
703,350
684,352
663,355
639,360
626,366
601,372
576,379
561,389
549,398
543,409
542,420
545,432
555,443
575,455
595,466
620,476
649,486
683,494
721,502
761,509
799,515
836,521
866,524
898,528
928,533
958,538
983,543
1006,547
1022,553
1044,557
1055,563
1068,569
1079,573
1089,577
1095,582
1100,587
1103,591
1103,595
1101,600
1097,606
1091,609
1082,615
1072,620
1060,624
1044,628
1028,634
1007,640
989,646
969,652
942,657
915,661
885,668
852,672
830,679
817,680
796,681
773,681
750,681
731,679
701,677
679,674
657,672
637,669
621,665
607,661
595,656
589,650
584,644
583,639
588,632
597,624
613,614
639,604
665,593
697,583
732,576
770,570
808,566
843,562
875,558
903,551
929,546
951,541
974,537
992,532
1010,526
1027,520
1038,518
1051,513
1062,507
1068,503
1074,498
1079,493
1080,489
1080,484
1076,478
1070,473
1062,470
1052,464
1041,460
1025,455
1008,449
989,445
974,438
950,434
929,429
902,425
874,420
847,414
821,412
796,402
778,397
760,393
742,392
723,395
704,398
684,402
662,406
641,409
622,414
603,420
589,427
577,436
573,446
574,456
582,468
596,479
621,490
641,502
674,512
704,522
743,527
781,534
817,539
851,543
879,546
906,549
934,553
961,558
979,563
1003,567
1016,571
1032,575
1045,578
1056,583
1065,587
1072,591
1076,595
1079,599
1079,604
1077,608
1073,611
1066,616
1057,621
1047,624
1033,629
1016,635
998,639
978,644
960,649
937,653
910,658
884,661
857,668
830,671
802,677
779,680
766,680
736,678
721,675
692,668
670,664
650,660
634,655
620,650
608,644
600,637
595,630
595,623
600,615
612,607
630,597
655,586
686,578
717,569
758,561
796,558
832,554
866,551
895,545
923,542
946,539
972,535
996,531
1012,526
1030,521
1044,517
1057,514
1069,510
1078,506
1084,502
1090,497
1093,494
1094,489
1092,486
1088,482
1081,478
1073,473
1064,471
1051,466
1036,462
1024,457
998,453
981,448
956,444
934,440
909,436
886,431
865,427
843,416
823,409
810,410
790,410
770,412
749,416
728,419
706,421
681,428
667,431
649,437
628,445
617,453
611,460
610,469
616,478
627,490
644,502
674,510
701,521
735,529
768,537
806,543
843,548
875,554
902,558
927,561
954,566
978,570
999,575
1012,580
1027,585
1042,588
1054,594
1064,599
1072,604
1079,609
1082,613
1083,618
1082,623
1079,629
1074,633
1066,639
1055,644
1043,649
1028,655
1012,659
992,665
970,672
955,675
932,680
906,686
878,692
850,693
826,703
807,704
787,701
766,697
745,692
724,690
703,684
683,677
664,669
647,666
635,659
626,653
620,646
617,637
619,629
627,621
643,613
671,604
696,591
729,580
768,576
806,570
842,564
876,560
905,554
932,549
958,545
982,539
1006,534
1027,527
1037,523
1052,517
1066,512
1077,507
1086,501
1094,496
1097,491
1100,486
1101,481
1099,476
1095,469
1088,465
1080,460
1070,456
1056,449
1041,445
1024,440
1009,433
978,429
957,424
936,418
908,413
883,407
859,400
833,394
814,387
793,380
772,381
754,385
734,389
715,397
694,402
683,407
665,414
641,423
629,435
622,445
620,456
624,469
635,479
652,491
675,503
706,513
742,519
776,526
814,531
849,534
880,539
906,541
932,543
959,546
981,549
996,553
1015,557
1030,559
1043,562
1056,567
1065,571
1072,574
1077,576
1081,580
1081,584
1080,586
1077,590
1071,593
1063,597
1052,600
1040,604
1026,607
1007,612
993,617
972,621
946,625
918,630
896,632
868,637
840,639
812,645
795,651
773,651
749,651
725,649
701,646
674,642
651,640
636,637
621,633
612,629
607,625
608,619
614,613
628,606
653,597
678,588
709,580
743,573
779,570
816,564
851,561
882,557
909,553
933,549
958,547
980,543
1002,539
1014,534
1030,530
1043,527
1054,523
1063,521
1070,517
1075,513
1078,509
1079,506
1077,502
1073,498
1067,495
1059,492
1048,488
1036,486
1023,482
1002,476
984,471
971,467
949,464
930,461
895,451
892,472
867,443
850,438
830,432
816,434
790,433
768,436
745,441
726,442
702,445
682,448
662,453
644,457
628,464
619,471
616,479
619,488
630,501
649,513
677,525
704,536
736,546
772,554
809,562
846,568
880,574
906,578
934,581
963,587
988,592
1006,597
1025,601
1043,607
1058,611
1071,617
1082,621
1090,627
1097,632
1102,636
1103,641
1104,645
1100,651
1097,655
1090,661
1081,668
1072,671
1057,676
1043,681
1024,686
1010,693
981,698
965,702
943,708
920,711
892,714
877,721
857,720
832,720
810,716
792,709
768,703
744,696
719,690
691,683
669,677
651,671
636,666
625,661
619,655
620,648
627,640
642,631
667,621
695,611
726,603
764,596
801,588
838,580
872,575
904,571
930,566
953,563
979,558
1003,554
1024,549
1036,543
1050,540
1065,534
1076,532
1085,527
1092,523
1097,519
1100,514
1101,510
1099,506
1095,502
1089,498
1080,494
1070,489
1057,486
1044,483
1026,478
1004,472
987,467
962,463
941,458
916,455
885,453
875,456
860,453
847,443
831,441
813,442
794,443
780,446
752,451
735,453
713,457
689,462
671,467
651,472
640,478
634,485
637,493
645,501
664,512
691,521
715,531
753,537
790,542
829,549
866,553
897,557
923,559
954,561
981,565
1006,569
1028,573
1043,577
1058,580
1074,584
1088,587
1098,591
1107,593
1114,597
1118,600
1120,604
1120,608
1118,612
1114,617
1107,620
1098,624
1088,628
1075,631
1058,635
1048,640
1020,645
1003,649
981,655
956,657
930,661
903,663
885,670
867,670
849,670
830,669
814,667
792,664
769,662
744,656
721,653
700,651
673,646
656,643
641,637
628,633
623,626
622,621
627,613
640,603
663,595
688,586
717,575
748,563
783,556
818,549
853,543
885,538
912,532
936,528
959,523
978,516
999,511
1019,505
1031,501
1046,495
1057,490
1066,485
1073,479
1078,473
1082,469
1082,463
1081,457
1077,451
1071,447
1062,440
1052,436
1039,431
1025,425
1006,420
987,414
967,411
948,405
925,400
900,395
874,389
851,386
827,383
813,378
794,377
774,380
755,386
737,390
720,393
701,400
683,407
667,413
651,421
637,429
630,438
628,449
634,459
646,470
668,481
696,488
726,498
758,507
792,512
830,516
863,519
895,523
920,525
942,526
967,529
989,532
1003,535
1020,538
1036,541
1048,542
1060,546
1068,548
1074,552
1078,554
1080,557
1080,560
1078,563
1074,565
1068,568
1059,570
1047,574
1035,577
1018,579
1001,583
982,586
965,590
940,593
918,595
893,599
867,601
842,607
821,613
800,620
778,623
756,625
739,628
715,628
688,626
669,628
650,631
634,629
620,629
609,627
601,625
598,622
599,617
605,611
616,604
637,595
656,585
687,577
718,567
753,558
789,551
824,544
855,537
880,530
905,526
928,520
951,513
966,506
984,500
999,494
1013,487
1025,481
1035,475
1042,469
1047,463
1050,457
1051,448
1049,443
1046,436
1040,430
1032,424
1021,417
1009,410
993,404
976,398
957,392
936,386
919,379
893,373
869,365
844,358
811,354
794,346
777,348
759,351
743,355
725,362
707,369
688,381
671,390
656,400
641,413
630,426
622,441
618,455
619,471
624,486
634,501
650,515
674,529
695,544
729,554
762,563
799,571
834,576
870,579
901,583
928,584
956,588
981,591
1004,594
1020,597
1039,600
1056,603
1070,606
1081,608
1092,612
1099,615
1105,617
1108,621
1110,625
1109,628
1107,631
1101,633
1094,637
1085,640
1074,644
1060,647
1045,651
1032,653
1003,657
986,661
963,665
940,667
915,672
887,672
868,674
846,676
831,676
805,674
788,673
765,671
740,669
713,666
686,662
664,660
648,658
635,654
626,650
624,646
626,639
636,630
654,621
683,612
711,601
744,593
781,583
815,576
850,572
883,567
909,564
934,560
961,555
984,551
1001,546
1022,540
1037,535
1049,532
1062,528
1072,523
1080,521
1086,516
1090,512
1092,507
1091,503
1088,499
1083,495
1075,490
1066,487
1055,483
1041,480
1026,477
1008,470
984,464
967,460
946,456
920,452
896,448
871,443
848,436
830,428
813,429
794,427
775,427
755,428
735,430
715,432
699,432
676,438
663,442
641,449
631,456
628,464
630,472
640,481
657,492
680,501
715,509
747,516
783,522
821,526
857,530
888,535
915,536
943,540
970,544
993,548
1015,551
1035,555
1045,559
1060,565
1071,567
1082,570
1090,573
1097,578
1101,582
1103,586
1103,590
1100,593
1095,598
1088,601
1080,606
1069,609
1056,613
1041,617
1021,622
1001,626
978,631
957,635
932,639
906,644
879,647
850,649
827,656
805,658
788,658
763,660
739,660
714,658
686,655
662,651
641,647
625,644
613,637
605,631
602,623
604,613
610,604
622,593
639,584
667,573
694,563
723,553
759,544
795,540
831,534
864,530
892,525
916,521
936,518
960,513
981,508
995,504
1009,499
1024,495
1036,491
1046,486
1053,481
1059,477
1062,473
1063,469
1062,465
1059,461
1053,456
1046,452
1034,446
1021,441
1006,436
990,431
976,428
954,422
931,418
905,414
881,410
858,403
833,401
805,400
785,390
768,390
752,391
734,393
716,397
698,402
679,409
664,417
646,426
628,434
621,444
618,454
620,466
629,479
642,491
663,505
694,517
724,528
757,539
792,546
830,552
865,558
895,564
921,569
946,573
972,579
989,585
1008,591
1025,595
1041,601
1055,607
1066,611
1076,618
1082,623
1087,629
1089,634
1089,640
1087,645
1083,651
1076,659
1068,663
1057,670
1044,675
1030,679
1010,687
989,693
967,699
946,704
926,710
900,717
871,723
846,730
826,739
810,744
793,745
772,739
751,732
732,725
713,719
695,712
679,706
663,699
649,691
635,680
626,670
620,659
618,648
622,636
631,623
649,607
671,595
701,588
728,575
763,570
796,564
829,559
861,554
888,549
910,544
932,541
955,537
970,533
986,527
1002,524
1015,519
1026,514
1035,510
1042,506
1047,501
1049,496
1049,492
1047,488
1043,483
1036,479
1027,475
1015,470
1001,465
985,461
967,455
952,450
932,446
910,442
885,438
861,433
837,429
811,426
793,420
775,419
756,421
737,423
718,423
699,429
682,433
662,441
649,444
633,453
622,459
617,468
617,478
621,489
632,502
649,517
673,527
700,538
729,549
763,558
799,564
834,569
867,575
892,578
917,580
943,583
967,588
988,592
1000,597
1017,601
1031,605
1044,609
1054,613
1061,616
1067,620
1069,624
1070,629
1069,633
1065,638
1060,644
1052,647
1041,652
1029,655
1013,660
995,665
976,669
959,675
937,680
911,684
887,689
859,693
834,698
804,703
781,716
759,720
736,722
713,719
691,714
671,706
650,698
630,688
616,680
606,670
599,659
596,647
598,634
604,622
615,609
633,597
657,583
689,571
722,560
757,549
794,544
830,537
863,532
890,527
916,522
941,519
965,513
987,508
1002,503
1020,497
1031,494
1045,488
1055,484
1062,479
1069,474
1072,470
1073,465
1074,459
1071,455
1066,449
1059,444
1049,440
1038,435
1022,430
1006,426
987,420
973,416
953,411
930,406
906,401
880,397
852,396
836,388
819,383
800,381
781,382
760,387
740,391
720,396
700,403
682,409
665,418
650,428
641,439
636,452
635,465
639,478
646,491
660,504
686,515
712,526
740,537
777,545
815,552
850,557
882,562
910,565
937,567
965,571
989,576
1013,580
1027,583
1050,588
1059,591
1072,595
1082,600
1091,604
1097,609
1101,613
1103,617
1102,622
1100,625
1096,629
1090,634
1081,638
1070,644
1057,646
1041,651
1021,656
1002,660
977,665
959,670
934,675
906,678
881,683
853,687
824,694
803,698
789,698
761,695
738,692
720,685
697,679
679,674
660,669
638,658
625,652
613,646
608,638
605,629
610,619
621,607
640,595
667,584
699,575
730,566
762,557
798,551
830,546
857,538
883,532
910,528
925,523
945,519
964,513
980,507
995,502
1008,496
1019,491
1027,486
1034,480
1038,475
1039,469
1039,464
1037,459
1032,453
1024,447
1015,442
1004,435
989,430
972,424
955,420
937,416
921,408
900,404
873,398
850,391
823,372
813,402
802,381
786,378
769,379
751,381
733,385
714,389
698,393
680,399
674,403
653,413
642,421
636,432
633,443
637,454
646,466
662,477
685,490
714,501
750,509
785,519
823,525
860,531
896,537
924,542
952,544
980,549
1006,554
1029,559
1044,563
1060,568
1076,572
1091,577
1103,583
1112,588
1120,593
1124,596
1127,601
1128,606
1126,610
1124,616
1117,620
1109,625
1098,631
1085,636
1073,640
1056,644
1039,649
1022,654
996,660
971,665
945,670
921,674
889,677
871,684
850,686
831,686
814,685
793,683
766,679
745,676
724,672
700,669
679,666
659,662
636,656
626,650
618,644
619,637
626,628
643,619
670,610
697,600
730,590
765,585
802,579
838,575
871,570
899,567
923,564
949,560
974,556
991,551
1011,547
1028,543
1042,539
1054,536
1065,532
1072,529
1080,526
1084,521
1086,519
1086,515
1084,511
1080,507
1073,504
1064,501
1053,497
1040,494
1025,491
1009,486
988,482
971,478
948,475
922,472
895,469
871,464
850,475
827,453
804,423
792,455
772,436
753,436
738,439
721,440
704,442
686,444
670,446
654,451
645,459
641,466
642,474
648,484
661,494
680,506
705,516
738,524
770,533
806,541
843,546
880,552
910,558
936,559
966,565
993,569
1017,575
1031,580
1053,585
1067,589
1082,595
1094,599
1104,605
1113,610
1119,615
1121,619
1124,624
1124,630
1120,635
1116,640
1109,645
1099,650
1088,654
1075,660
1061,665
1043,668
1027,676
996,681
975,688
947,693
923,699
897,703
866,704
849,710
829,710
808,710
788,707
762,703
736,697
713,692
689,687
668,681
647,673
630,665
619,659
610,651
607,645
609,635
617,627
631,618
660,609
683,598
718,590
756,584
794,577
830,571
862,566
890,562
917,558
944,553
968,547
985,542
1005,537
1023,531
1039,525
1051,520
1061,518
1070,513
1077,508
1081,503
1084,498
1084,494
1082,489
1077,484
1071,480
1062,475
1051,470
1038,466
1022,460
1001,455
982,448
962,443
936,438
908,433
882,428
854,425
820,422
799,417
781,414
766,413
750,411
733,410
716,410
699,411
680,414
662,416
647,420
629,425
617,432
608,440
604,449
605,460
611,471
626,484
644,496
671,508
705,518
739,529
778,538
816,546
854,551
885,555
915,560
946,565
973,571
997,575
1016,581
1040,586
1051,591
1067,596
1080,602
1090,606
1100,613
1105,618
1110,623
1112,630
1112,635
1110,641
1105,646
1097,653
1088,658
1077,664
1064,670
1050,676
1033,681
1008,687
984,694
959,700
934,706
910,710
883,718
856,722
836,725
812,728
786,728
753,727
725,720
698,714
672,710
650,704
628,693
614,683
603,674
595,662
592,652
594,640
600,628
613,617
635,604
659,594
688,583
720,573
756,566
792,560
826,555
857,551
884,546
907,545
933,541
957,537
973,532
992,528
1006,524
1020,520
1034,515
1042,512
1049,510
1054,507
1057,503
1058,499
1057,495
1054,491
1048,488
1040,483
1030,480
1017,476
1004,472
986,468
972,464
951,460
927,455
905,453
882,450
856,446
829,442
810,437
790,434
769,434
754,437
726,439
708,441
685,442
660,446
642,449
623,456
612,462
606,469
605,477
610,487
621,496
640,509
668,518
697,530
728,538
767,546
804,552
839,557
868,560
894,563
922,567
948,572
971,576
986,580
1003,585
1019,588
1033,592
1046,596
1055,600
1063,605
1068,608
1071,613
1072,618
1071,621
1067,625
1061,630
1053,635
1043,640
1030,643
1014,649
997,654
978,659
962,664
937,668
918,673
892,678
866,682
847,686
830,685
811,683
796,682
773,679
746,676
726,672
703,669
677,665
654,660
637,657
622,652
611,649
606,643
607,637
612,630
623,622
649,612
673,602
704,593
742,584
781,575
819,568
857,562
891,555
921,551
951,545
979,540
1006,534
1032,526
1047,521
1065,516
1083,510
1097,504
1110,500
1121,493
1129,489
1136,482
1140,477
1142,472
1142,466
1139,460
1133,453
1126,449
1117,442
1106,437
1092,431
1077,427
1060,419
1043,414
1019,407
992,401
963,397
932,391
902,385
873,381
837,375
816,371
799,370
780,369
761,371
744,373
725,375
706,381
689,386
675,392
650,400
632,411
620,421
612,432
608,444
608,454
612,464
620,476
633,486
652,496
681,507
710,516
754,523
794,530
834,536
873,543
907,546
937,550
969,555
998,559
1024,565
1048,569
1065,575
1084,581
1099,584
1115,590
1127,596
1138,600
1147,605
1152,610
1156,614
1158,619
1157,624
1154,629
1149,635
1142,639
1131,644
1121,649
1106,655
1088,660
1079,667
1059,672
1036,677
1007,684
977,689
945,695
913,700
884,707
853,712
830,719
807,727
778,729
751,729
729,726
708,721
688,712
671,704
653,697
638,687
