#x_position,y_position
505,357
505,357
498,369
493,381
490,392
493,399
500,408
511,418
528,426
558,430
584,439
617,447
653,455
693,458
730,461
763,467
796,474
825,481
852,487
875,492
904,497
927,503
952,509
967,515
985,522
1001,525
1015,531
1030,538
1040,544
1050,549
1055,555
1060,561
1063,566
1064,574
1063,579
1061,586
1055,592
1049,597
1042,604
1029,611
1017,617
1001,623
983,629
967,634
945,642
924,647
905,652
879,660
850,667
820,673
791,678
759,676
738,679
712,676
687,673
660,670
628,663
601,656
574,645
553,634
533,623
520,614
508,599
502,598
498,589
498,582
502,573
510,556
525,553
546,540
569,531
598,521
627,511
660,504
694,497
727,491
765,486
794,482
822,479
847,478
871,475
895,470
911,468
931,463
949,458
966,455
980,454
992,450
1003,447
1012,444
1019,438
1024,436
1026,432
1028,428
1027,425
1024,423
1020,419
1013,417
1003,412
994,409
981,406
968,401
952,400
933,398
915,392
897,389
875,386
847,383
821,380
794,377
765,375
734,372
701,370
667,368
627,365
606,362
584,362
560,365
542,368
523,374
503,381
488,385
476,389
467,393
462,396
460,401
460,406
465,414
470,421
481,428
497,437
523,442
547,450
581,457
614,465
651,469
688,474
724,477
757,483
789,487
816,492
839,498
863,503
889,507
918,510
933,515
952,521
971,525
986,529
999,535
1012,539
1022,543
1029,548
1036,554
1039,558
1042,564
1041,568
1040,574
1036,577
1030,583
1023,588
1012,593
1000,600
985,603
971,609
955,614
936,618
918,624
896,630
867,636
842,642
814,645
785,651
753,656
724,656
704,661
676,662
652,662
630,659
599,656
572,651
549,643
528,637
512,630
499,624
490,617
484,611
480,604
479,598
481,592
485,586
493,579
503,570
519,560
538,543
568,538
594,528
623,516
658,509
691,505
722,496
759,490
789,486
812,480
841,477
866,474
891,469
907,464
927,460
947,454
965,449
979,447
991,442
1003,437
1012,433
1019,428
1024,423
1027,421
1028,416
1027,409
1024,405
1020,400
1014,396
1005,392
994,388
981,383
968,380
953,377
935,370
916,368
897,364
876,359
850,355
823,349
793,346
763,341
733,338
704,335
665,335
643,333
617,333
588,338
568,339
547,347
528,352
514,354
495,362
484,366
475,372
469,379
464,386
466,394
468,403
470,409
475,416
482,424
493,431
511,439
538,448
566,453
598,460
634,465
672,470
710,472
746,478
780,484
805,491
832,494
862,498
889,503
915,509
933,514
960,518
974,524
990,530
1005,534
1018,539
1030,544
1039,550
1048,554
1053,560
1056,565
1057,570
1057,576
1055,580
1051,585
1045,591
1036,597
1027,601
1015,608
1002,612
985,617
967,623
949,629
932,634
909,641
880,645
854,653
826,658
798,662
770,667
739,670
713,668
685,664
658,661
632,656
607,651
577,643
552,634
534,626
520,616
507,608
499,600
495,592
494,586
497,579
504,572
516,563
534,553
558,544
582,535
613,527
645,519
680,513
714,509
748,504
781,497
806,491
835,487
854,481
879,479
907,474
921,469
939,464
958,459
973,455
985,450
997,447
1006,441
1014,436
1020,431
1024,427
1025,422
1025,418
1024,412
1019,407
1013,403
1005,398
995,394
982,389
970,385
954,380
937,378
923,371
896,368
877,363
852,357
824,353
798,349
768,346
740,341
708,338
673,334
648,331
619,331
595,334
572,335
552,341
533,343
518,348
501,356
489,363
480,369
475,382
472,390
470,398
469,406
471,412
475,419
482,420
492,433
507,441
529,447
555,451
583,456
616,463
652,464
688,468
725,470
760,474
789,478
812,483
837,486
864,489
893,492
910,497
937,499
951,504
967,508
982,513
995,516
1007,519
1015,523
1023,526
1029,531
1032,534
1034,538
1033,543
1031,547
1027,550
1020,554
1013,558
1002,563
988,566
974,570
957,575
940,578
927,583
898,589
880,592
854,596
827,600
799,604
773,608
742,613
708,614
682,619
661,627
635,628
611,629
588,627
565,625
541,619
524,614
509,610
498,605
490,599
484,595
481,591
480,586
483,581
488,572
497,565
512,556
530,547
557,540
582,531
615,521
650,514
686,510
721,503
760,496
793,491
820,484
849,482
877,479
900,472
928,467
950,464
975,459
985,454
1003,450
1019,445
1033,438
1044,434
1054,430
1061,426
1067,421
1071,416
1073,412
1074,408
1073,403
1069,399
1064,394
1057,388
1047,383
1036,378
1023,374
1009,369
992,365
975,361
954,358
932,355
913,349
886,345
857,338
829,335
798,330
765,327
734,323
697,327
675,327
649,329
625,333
601,338
581,344
561,350
542,354
526,361
513,366
502,373
493,379
486,387
482,396
481,403
480,412
482,418
485,425
491,430
501,436
514,441
534,447
564,448
592,454
628,461
666,468
702,469
738,474
772,480
799,483
828,490
851,494
874,497
898,501
921,507
941,509
960,515
978,519
992,523
1005,526
1015,531
1025,535
1033,539
1038,545
1042,549
1042,554
1041,559
1040,563
1035,567
1028,572
1020,577
1009,582
996,587
983,589
967,594
947,599
927,605
906,609
883,613
862,619
834,625
805,627
777,633
744,637
713,640
680,642
657,641
632,640
602,635
576,633
553,628
534,623
517,618
504,611
494,605
487,599
482,593
479,586
478,590
476,577
477,572
479,568
484,565
492,560
503,554
521,546
552,540
576,532
607,523
640,511
678,509
712,509
747,504
780,497
805,490
832,486
857,481
885,477
907,472
924,467
943,462
964,456
978,452
992,447
1006,444
1015,437
1024,433
1032,427
1036,423
1039,418
1040,413
1039,408
1037,404
1031,398
1025,394
1016,388
1006,384
994,379
980,375
963,370
946,365
927,362
904,356
884,351
857,345
828,341
801,336
770,331
738,326
706,321
668,317
655,312
629,309
596,310
571,314
552,319
533,325
512,335
498,344
487,354
479,364
473,371
468,379
465,385
465,393
468,400
472,407
480,415
492,422
512,429
537,441
565,448
595,454
635,459
676,463
714,466
752,470
785,476
813,478
845,484
871,487
899,490
926,494
947,499
967,503
986,508
1003,512
1018,514
1031,518
1044,521
1055,526
1062,529
1067,533
1072,538
1073,541
1074,545
1072,549
1068,554
1062,558
1055,563
1044,568
1033,572
1019,576
1004,580
984,585
968,590
944,593
930,597
897,602
876,607
847,611
818,613
789,617
758,620
730,622
700,617
683,620
658,617
637,620
610,616
591,616
563,608
543,603
528,598
511,591
499,589
491,587
484,584
483,580
484,576
489,571
496,564
508,557
523,547
548,531
578,528
609,520
642,511
682,508
720,506
759,502
794,496
824,492
850,488
884,485
909,483
935,480
961,476
978,473
997,469
1012,466
1030,465
1044,460
1058,457
1066,456
1076,450
1082,447
1088,444
1090,441
1092,439
1092,436
1089,435
1085,432
1078,430
1071,427
1061,426
1048,424
1035,423
1019,419
1001,417
980,414
961,411
936,409
915,405
887,403
856,400
827,397
797,395
764,394
732,392
701,388
666,384
648,375
630,373
608,376
591,381
575,382
560,382
542,383
529,382
515,386
507,385
501,390
496,395
492,401
490,406
490,410
492,415
496,420
504,427
515,433
532,441
554,448
591,454
627,461
663,470
703,474
739,475
777,482
807,488
837,493
858,500
887,503
911,508
937,511
960,516
980,522
991,527
1008,531
1023,536
1036,542
1046,545
1054,550
1061,554
1065,559
1068,564
1069,569
1068,575
1065,580
1060,585
1052,590
1044,596
1032,601
1020,606
1006,611
989,615
970,620
949,626
930,631
908,636
877,641
855,647
826,651
799,655
768,654
741,654
715,652
689,649
662,645
630,638
603,632
580,626
557,622
534,616
512,608
500,603
489,597
480,592
475,589
473,584
474,578
479,572
487,564
499,557
517,546
539,536
567,528
597,516
628,509
665,503
701,498
738,492
772,485
797,479
826,475
854,473
878,468
905,463
923,458
941,453
963,448
978,443
990,438
1006,435
1017,430
1027,423
1034,419
1040,414
1043,409
1044,405
1045,400
1042,395
1039,390
1032,386
1024,380
1014,376
1002,371
989,367
974,362
955,357
936,354
919,348
898,343
870,339
844,334
815,329
788,325
755,319
722,316
694,314
670,313
645,313
621,315
590,320
564,327
547,333
525,341
507,351
492,358
481,364
474,375
468,381
465,393
463,402
464,409
468,418
475,426
486,434
501,442
523,451
555,454
584,463
620,472
659,477
699,482
738,487
776,492
803,497
836,503
866,510
896,511
923,516
950,521
975,527
993,533
1011,539
1028,544
1045,549
1058,554
1070,559
1080,563
1089,569
1095,575
1100,581
1102,585
1103,592
1101,597
1098,603
1093,609
1086,615
1076,620
1065,627
1051,631
1037,638
1020,644
1000,649
982,654
960,659
935,664
911,673
883,678
851,684
820,690
787,697
756,704
722,694
700,692
683,690
650,682
626,674
600,661
579,652
559,647
536,629
522,620
510,617
502,609
496,600
492,596
491,589
493,581
498,575
508,567
521,553
542,545
571,540
597,532
629,520
663,514
700,512
736,509
770,499
798,494
829,491
856,488
881,485
907,480
929,476
954,473
967,470
984,465
998,461
1011,457
1024,453
1034,448
1042,445
1047,440
1052,437
1054,433
1054,429
1052,425
1050,423
1044,419
1036,415
1028,411
1015,409
1003,405
985,399
968,397
950,394
929,392
912,386
886,384
858,379
830,377
798,373
768,370
736,367
705,364
665,360
635,355
610,351
586,348
554,351
533,353
514,357
496,361
477,367
464,372
454,379
450,387
447,392
446,394
447,400
449,406
453,412
458,422
466,428
478,436
494,442
522,447
554,454
583,460
620,466
662,470
702,471
738,475
772,479
799,484
830,487
855,490
880,496
909,497
933,501
948,504
968,508
985,513
1000,517
1013,520
1026,524
1036,527
1043,532
1049,535
1053,539
1054,543
1055,545
1053,548
1048,554
1043,558
1034,561
1026,564
1012,569
998,574
983,576
966,579
945,583
929,589
904,592
879,597
852,601
824,604
794,608
767,611
735,610
699,612
679,619
654,622
628,623
597,624
574,621
548,620
522,616
504,613
491,610
480,606
470,603
465,599
461,595
461,592
461,587
465,581
470,575
477,569
489,562
506,552
525,541
551,534
581,522
611,514
646,506
683,499
718,492
755,486
786,480
811,473
842,470
869,465
895,459
913,452
936,445
956,438
976,434
990,429
1005,423
1018,418
1029,412
1038,406
1045,401
1050,396
1053,390
1055,385
1055,380
1052,374
1049,369
1042,364
1034,359
1025,354
1012,348
997,343
982,336
965,331
946,327
929,321
908,315
882,309
856,304
827,298
797,293
765,287
732,285
702,280
680,280
654,281
626,282
600,287
569,293
544,299
525,309
502,318
486,329
472,341
461,351
455,362
452,373
452,382
455,395
460,407
469,418
484,431
501,441
529,452
560,460
592,469
626,478
665,484
702,488
739,493
772,498
802,504
829,507
856,512
886,516
911,520
933,526
949,533
969,537
986,542
1002,547
1014,551
1026,557
1036,563
1044,568
1049,571
1052,578
1054,582
1053,588
1052,594
1048,599
1042,605
1034,611
1024,616
1012,622
998,626
982,632
965,639
945,644
928,649
907,654
880,659
852,666
824,672
796,675
767,677
744,680
718,679
688,679
660,675
629,667
602,661
576,651
553,646
532,637
515,629
500,621
490,615
483,609
478,602
476,596
480,588
485,582
494,574
509,564
532,551
559,543
589,532
624,520
663,514
699,509
737,503
774,495
805,490
836,486
862,483
889,480
916,475
940,471
963,468
987,463
994,459
1012,455
1026,452
1041,445
1051,443
1060,438
1066,435
1072,431
1075,427
1076,423
1075,421
1073,416
1069,413
1063,409
1055,404
1045,401
1032,397
1019,395
1003,390
984,386
967,386
946,380
929,376
900,372
873,369
841,364
814,362
779,358
751,354
716,352
680,349
655,344
628,343
595,342
569,345
547,351
526,357
507,366
489,372
478,377
469,382
462,385
459,392
459,399
460,406
463,411
467,417
474,423
486,430
502,443
522,447
559,453
590,458
626,465
667,470
705,470
741,476
773,479
803,484
829,489
852,493
881,495
905,499
919,503
942,506
962,510
976,514
992,518
1005,522
1015,525
1025,530
1032,534
1036,538
1040,542
1041,546
1040,549
1036,552
1031,557
1025,561
1015,565
1004,570
990,574
975,578
958,581
940,585
926,591
901,595
876,600
848,604
824,606
795,609
764,613
732,615
706,622
678,625
651,625
624,624
597,622
571,617
540,612
517,608
502,603
489,598
480,595
474,590
471,586
471,582
474,576
480,571
490,566
503,558
526,549
550,538
575,527
608,517
643,509
681,501
720,496
758,488
792,486
822,480
852,477
880,473
907,468
932,465
959,461
981,457
992,452
1010,448
1027,445
1041,439
1052,436
1062,434
1071,429
1076,425
1082,422
1084,419
1085,414
1083,411
1081,408
1077,404
1070,399
1059,395
1049,390
1037,387
1022,384
1007,383
988,377
967,376
947,370
929,367
902,363
873,360
843,358
815,354
783,350
748,347
715,343
677,343
654,342
637,337
606,341
582,348
562,354
542,359
526,364
511,368
500,374
492,380
484,386
480,394
477,401
478,407
480,414
483,419
490,426
501,433
516,440
540,447
573,452
604,459
641,464
679,469
716,470
751,476
786,481
814,486
844,488
866,492
895,496
919,500
936,502
963,507
975,512
993,515
1006,518
1019,523
1032,526
1040,531
1047,535
1052,538
1055,542
1056,546
1056,549
1053,553
1048,558
1042,562
1032,566
1022,570
1010,574
995,577
980,581
960,585
941,588
923,593
899,598
873,601
846,604
819,608
793,609
764,606
737,617
712,615
685,614
655,615
629,611
608,612
588,604
565,606
544,604
527,602
513,601
502,598
493,595
486,591
483,589
483,585
487,581
493,573
502,567
516,558
536,548
562,536
591,526
621,518
656,510
691,504
728,498
764,491
791,484
819,478
844,473
870,469
900,465
923,460
936,454
957,449
974,444
988,441
1003,436
1014,430
1024,425
1033,418
1038,414
1042,410
1044,404
1044,400
1042,394
1039,388
1032,384
1025,379
1014,373
1003,369
991,365
976,361
960,355
939,351
922,346
902,341
878,337
850,332
822,327
793,322
765,319
730,313
704,310
680,310
650,309
625,313
604,315
580,322
560,328
539,338
521,346
506,353
494,362
485,370
478,380
474,388
472,395
472,402
475,409
481,415
492,423
505,430
525,438
553,447
581,455
616,462
655,470
694,476
732,482
769,487
801,492
832,498
857,502
889,504
913,509
939,514
957,519
977,525
995,528
1010,533
1027,537
1040,543
1050,546
1059,550
1066,555
1071,560
1074,564
1075,568
1075,575
1073,579
1067,584
1060,590
1051,595
1041,600
1029,603
1015,609
1000,613
979,619
962,625
945,630
917,634
895,640
869,645
840,650
811,654
781,658
752,662
726,662
699,662
671,660
642,656
608,653
587,646
562,640
536,633
517,627
501,620
484,615
475,609
469,603
467,598
467,592
472,585
478,577
491,568
507,558
535,545
559,534
593,522
628,514
667,506
705,498
744,492
778,486
808,479
839,476
868,472
898,466
922,463
946,459
972,453
992,449
1003,445
1019,439
1034,434
1046,429
1057,426
1064,422
1073,417
1077,412
1081,408
1082,403
1082,398
1080,395
1074,389
1068,385
1059,380
1049,374
1037,371
1023,366
1007,362
989,358
970,354
950,350
930,343
902,341
879,336
850,332
820,326
791,321
759,318
736,313
710,311
690,311
667,314
646,321
623,331
594,345
573,352
552,361
538,367
520,379
510,388
501,398
495,407
492,415
492,422
495,429
502,434
512,439
527,446
547,451
580,454
609,461
642,464
678,469
715,471
751,476
785,482
815,486
844,493
866,497
894,500
918,505
936,510
957,515
976,519
992,523
1006,527
1019,533
1031,536
1040,541
1048,546
1052,550
1055,554
1056,560
1055,564
1052,569
1047,575
1041,579
1031,584
1020,588
1008,593
991,598
978,602
957,608
939,612
920,618
893,621
871,625
844,631
814,636
787,640
753,638
725,643
702,644
673,643
644,639
614,636
586,631
559,626
530,619
504,613
487,610
473,606
463,602
456,607
453,603
453,597
457,589
462,581
471,572
486,563
504,551
528,542
555,530
587,518
621,509
658,504
695,497
733,491
769,487
797,479
823,476
851,475
879,472
904,465
928,462
948,458
969,453
979,449
994,446
1009,442
1020,437
1029,432
1038,428
1044,425
1047,422
1049,417
1050,412
1048,408
1044,404
1038,400
1030,395
1021,391
1009,387
995,384
981,380
963,377
946,373
930,367
900,364
879,361
853,356
823,351
794,348
764,344
