#x_position,y_position
1083,443
1083,443
1079,440
1073,437
1065,433
1055,429
1043,426
1029,423
1013,419
994,415
974,411
951,406
926,401
899,396
869,391
836,387
812,384
793,376
773,369
751,363
728,359
706,356
683,355
661,354
642,353
624,354
606,357
591,361
578,365
567,371
558,377
554,384
553,392
555,400
561,409
572,419
587,428
606,437
629,447
657,455
687,463
722,469
757,474
793,480
825,486
856,490
885,495
911,500
936,504
958,509
978,514
996,519
1010,524
1023,528
1034,533
1041,536
1048,540
1052,544
1054,549
1054,552
1051,557
1047,562
1040,565
1031,570
1020,574
1007,578
992,582
974,587
954,591
931,596
907,599
879,604
850,608
818,612
790,613
771,616
750,617
729,617
706,617
683,616
658,615
635,612
612,611
588,608
566,606
547,603
529,600
514,596
501,593
491,588
483,583
477,578
474,572
474,566
477,559
483,552
492,545
505,537
523,530
547,523
576,517
610,510
648,505
688,500
728,495
764,491
801,483
835,480
866,477
894,474
920,470
944,466
967,461
986,457
1003,453
1018,448
1030,443
1041,439
1048,435
1055,431
1059,426
1061,422
1060,418
1058,414
1054,410
1048,406
1040,402
1029,398
1017,394
1002,389
985,385
965,380
944,376
921,370
896,365
867,360
841,355
817,349
798,344
778,338
757,335
734,334
711,334
689,336
665,339
646,344
626,347
607,352
591,358
575,364
561,372
553,379
547,387
545,396
546,405
551,414
562,422
577,430
596,439
620,448
648,456
681,464
716,471
752,478
787,484
819,490
850,496
879,502
905,508
930,514
951,520
971,526
988,533
1002,538
1014,544
1025,549
1033,556
1038,561
1042,567
1043,572
1043,578
1040,583
1034,589
1027,596
1019,601
1007,607
993,612
977,618
957,624
937,630
913,635
888,641
860,646
829,653
795,659
769,660
751,665
731,666
709,667
686,666
664,665
643,663
620,659
598,655
576,650
557,645
539,640
523,635
509,630
498,624
488,617
482,611
477,604
476,596
477,588
481,581
490,573
502,566
520,558
543,551
569,542
601,534
637,528
675,522
715,517
753,511
789,507
823,501
854,495
883,490
910,485
935,480
957,475
977,470
995,465
1010,459
1023,454
1034,450
1042,444
1049,439
1054,434
1057,429
1056,425
1056,419
1051,416
1046,410
1038,406
1028,400
1015,394
1001,389
985,384
966,378
944,372
921,367
896,363
867,357
838,351
805,345
775,340
750,334
727,330
705,327
682,327
661,331
642,334
621,338
601,342
583,346
566,352
554,360
544,368
538,376
536,385
537,394
542,403
552,412
565,420
585,430
607,438
634,446
665,454
700,462
735,468
771,475
804,481
835,487
864,493
890,499
914,505
936,510
955,517
973,522
988,528
1000,533
1010,538
1019,544
1024,550
1028,555
1030,560
1030,566
1026,572
1023,577
1016,582
1007,587
995,593
982,598
966,603
948,609
928,614
905,619
880,625
853,630
824,635
791,640
761,645
738,647
717,651
695,651
674,651
655,650
635,648
615,646
594,642
574,638
556,634
539,630
525,625
512,620
501,614
493,608
487,602
485,595
485,586
488,579
494,571
504,563
518,554
538,546
561,539
591,532
624,525
662,520
702,514
742,508
779,504
815,499
847,493
878,489
907,484
933,478
957,474
978,469
997,464
1014,458
1028,453
1040,449
1049,444
1057,439
1062,434
1067,430
1068,425
1068,420
1065,415
1060,410
1053,406
1044,402
1033,396
1020,391
1004,386
986,380
965,376
944,370
920,365
894,360
864,354
837,349
816,343
796,337
776,333
756,329
734,328
710,328
688,329
665,333
646,338
627,340
609,345
594,352
581,359
571,366
565,374
562,383
563,391
570,400
582,409
598,417
617,425
642,433
671,441
705,449
739,457
775,465
809,472
841,478
871,485
898,490
923,496
945,501
965,507
983,513
999,519
1011,524
1022,530
1030,534
1037,543
1041,547
1044,553
1044,558
1042,564
1038,569
1031,576
1023,581
1012,587
999,593
984,598
966,603
946,610
924,614
901,620
873,627
844,632
811,637
779,642
756,645
734,650
711,653
688,653
666,652
647,652
626,648
603,645
581,642
560,637
541,633
524,628
509,623
496,618
486,611
479,604
474,596
472,588
474,580
478,571
485,562
496,553
511,544
531,535
555,527
585,520
619,512
656,504
696,499
736,493
774,488
810,483
843,479
875,474
904,469
930,464
955,459
977,453
996,448
1013,443
1028,438
1041,432
1051,427
1059,422
1066,417
1069,412
1071,407
1071,401
1069,396
1065,392
1058,386
1049,382
1039,376
1026,371
1010,366
993,360
973,355
950,349
927,345
900,339
871,333
841,328
819,320
801,315
783,310
763,308
743,308
723,310
705,312
684,317
666,322
648,327
632,332
614,337
601,345
590,355
579,362
571,370
566,379
564,388
565,399
570,409
578,420
592,430
608,440
630,449
655,458
685,466
718,472
752,478
785,483
816,487
846,490
873,495
899,499
922,502
943,505
960,508
976,512
990,516
1001,519
1009,522
1016,526
1021,529
1023,532
1024,535
1022,538
1019,542
1013,545
1004,549
994,552
982,555
967,558
950,561
930,565
908,567
885,570
858,575
829,577
799,579
765,582
740,586
717,589
694,591
672,591
649,591
626,591
603,592
581,592
560,590
540,588
522,586
507,584
495,582
485,578
478,575
474,570
472,566
474,561
478,554
486,549
498,542
514,535
535,528
561,522
592,515
628,510
667,505
707,501
747,497
784,495
819,490
852,487
882,483
910,480
936,477
960,473
982,469
1001,466
1017,462
1032,459
1043,455
1053,452
1060,447
1066,445
1070,442
1071,438
1070,434
1068,430
1063,427
1055,422
1046,420
1035,415
1022,412
1005,408
987,404
966,400
943,396
918,391
892,388
861,383
838,380
825,374
812,368
797,362
781,358
764,355
746,353
726,351
705,350
684,349
663,349
646,350
628,354
611,360
596,365
584,371
573,377
566,384
561,391
560,400
564,408
571,416
584,425
603,434
624,444
652,453
683,462
718,470
753,478
789,485
822,491
852,496
881,503
908,508
932,514
954,520
974,526
991,532
1005,538
1017,543
1027,549
1036,555
1041,560
1046,565
1047,570
1046,576
1043,582
1039,588
1032,593
1023,598
1011,604
997,609
982,614
963,619
942,625
919,629
894,635
866,641
837,646
804,652
771,657
752,660
733,666
714,668
694,668
675,666
656,663
640,661
620,657
599,653
579,648
563,644
547,637
532,630
518,624
507,616
497,608
490,601
486,593
484,585
486,577
491,569
499,561
511,553
528,545
551,538
576,530
607,524
643,517
681,512
721,506
758,500
794,496
826,490
857,484
885,479
911,473
935,468
957,462
976,457
993,451
1008,446
1020,440
1031,436
1039,430
1045,425
1049,420
1051,415
1051,411
1049,405
1044,400
1038,395
1030,390
1019,384
1006,379
991,373
974,367
955,362
933,356
910,350
883,345
854,338
825,332
803,326
782,320
762,315
741,312
720,312
699,313
678,316
658,321
639,324
619,328
603,332
587,339
575,345
563,354
556,363
551,372
550,381
553,391
559,403
570,412
586,423
605,432
630,442
658,451
691,460
726,467
761,475
796,481
828,487
858,492
885,499
910,505
934,511
954,517
973,523
989,529
1002,535
1013,540
1022,546
1029,551
1034,557
1036,562
1037,568
1035,574
1032,579
1026,584
1018,590
1007,594
995,601
980,606
964,610
944,616
922,621
898,627
872,632
844,638
812,643
779,649
755,652
738,658
721,659
702,659
682,658
663,655
646,654
626,648
608,646
588,641
570,636
553,629
539,624
525,618
512,612
501,605
494,597
488,590
485,583
484,575
486,567
491,558
499,550
510,541
526,532
547,524
572,516
601,507
637,500
675,495
714,490
751,486
788,483
822,478
853,474
882,470
908,466
933,462
956,458
976,454
994,450
1008,446
1022,441
1033,437
1041,433
1047,430
1052,425
1054,422
1055,418
1053,414
1049,410
1043,406
1036,403
1025,399
1013,393
998,389
982,385
962,380
941,376
918,372
893,367
864,362
833,358
801,354
776,349
753,343
730,337
708,333
687,332
666,333
648,336
629,337
612,338
594,341
579,345
565,351
554,357
545,363
539,370
537,376
536,383
540,390
547,397
559,404
575,412
595,419
618,426
645,434
678,442
714,450
750,457
787,465
821,472
852,478
881,485
908,492
933,499
956,506
976,513
993,520
1008,526
1021,532
1032,539
1040,545
1047,552
1051,558
1053,564
1053,571
1050,577
1045,583
1039,590
1031,596
1020,602
1006,608
991,614
973,620
953,627
930,634
906,639
879,646
849,653
818,660
792,663
773,667
754,668
732,668
711,667
689,663
667,657
648,652
628,646
609,639
587,632
568,624
552,618
536,611
522,604
511,597
502,590
494,583
490,577
487,569
488,562
491,555
498,549
509,542
525,536
545,529
570,521
599,513
634,506
673,500
714,494
754,489
792,484
828,478
861,470
892,466
921,461
947,455
972,450
993,445
1013,439
1030,433
1045,428
1057,421
1068,416
1076,411
1083,405
1087,400
1088,395
1089,390
1087,385
1083,380
1076,374
1069,368
1058,363
1046,357
1031,352
1014,345
995,340
974,335
950,329
924,323
896,317
866,311
840,306
820,300
800,298
782,296
762,298
741,302
719,307
696,313
674,321
654,329
635,335
616,343
599,352
584,360
572,368
561,378
556,387
553,397
554,407
559,417
569,426
584,436
604,445
628,454
657,464
688,472
723,479
759,485
794,492
826,496
857,501
885,507
911,512
935,517
956,522
975,527
991,532
1005,537
1017,541
1026,547
1034,552
1039,557
1042,561
1043,565
1042,569
1038,574
1033,579
1025,584
1016,588
1004,593
989,598
973,601
954,607
932,611
909,616
883,621
854,625
824,629
796,633
780,637
764,642
747,644
728,644
708,643
688,640
666,638
645,637
626,637
604,634
583,631
565,628
549,623
536,620
524,615
514,610
506,606
500,600
496,595
495,588
497,581
503,574
513,568
528,560
547,554
572,547
601,539
636,531
675,525
715,518
754,513
791,508
825,502
857,497
886,491
914,486
940,480
963,474
984,469
1002,463
1018,457
1032,451
1044,445
1053,439
1059,434
1066,428
1068,423
1069,416
1069,411
1065,405
1059,399
1052,393
1042,387
1030,381
1016,376
999,370
980,364
959,357
935,351
909,346
881,339
850,332
830,324
813,319
795,315
777,312
759,311
739,310
719,310
700,310
680,314
660,318
642,323
625,328
609,334
595,342
582,351
573,360
565,369
560,380
560,390
564,400
573,410
587,420
606,429
629,438
658,446
690,453
725,460
762,467
798,474
830,478
861,484
890,489
916,494
941,499
962,504
982,509
999,514
1013,518
1025,523
1035,527
1042,532
1048,537
1051,541
1053,545
1052,550
1048,555
1042,559
1035,564
1025,569
1013,573
999,578
982,582
963,587
942,591
919,596
893,600
865,604
834,608
805,612
779,617
755,621
734,622
713,622
692,620
671,617
650,614
629,611
609,609
589,605
570,600
552,596
536,591
522,586
510,581
501,576
495,570
492,564
492,557
494,551
499,543
508,536
521,530
538,523
561,517
588,511
620,506
657,501
697,495
737,489
776,486
811,483
844,477
877,474
905,472
931,469
956,465
977,462
997,458
1014,454
1029,451
1041,447
1051,445
1058,440
1065,438
1069,435
1070,430
1070,427
1068,424
1063,421
1056,418
1047,414
1037,411
1025,407
1009,403
992,400
973,396
951,392
927,389
902,384
875,380
855,379
841,375
828,372
812,369
794,367
775,365
753,364
730,364
705,365
681,366
657,366
635,367
615,370
596,376
579,381
566,387
554,393
548,399
545,406
548,414
555,423
566,431
581,440
601,448
624,456
652,464
684,471
719,476
756,482
792,487
826,491
858,495
887,499
914,504
940,508
962,512
982,516
1000,520
1015,523
1029,528
1039,532
1048,535
1055,539
1058,541
1060,544
1061,549
1059,552
1055,555
1048,560
1040,564
1029,568
1016,572
1001,575
984,579
964,583
942,586
917,590
891,594
863,597
831,600
797,603
774,606
754,609
735,609
715,608
693,605
671,602
650,601
629,599
608,595
589,591
573,587
557,583
543,580
532,576
522,571
515,567
510,561
509,556
509,550
513,544
520,538
531,533
548,527
570,521
596,515
628,508
665,503
703,499
743,495
780,492
815,488
847,484
879,480
907,477
933,474
957,470
978,466
998,463
1014,459
1028,454
1040,451
1050,448
1058,444
1063,441
1067,437
1069,434
1068,430
1066,427
1061,422
1054,419
1045,415
1035,411
1022,408
1006,404
988,400
969,396
946,391
922,387
897,382
873,378
857,374
843,371
829,369
813,366
795,364
776,363
756,363
735,364
714,365
693,366
672,364
653,365
634,370
617,376
603,382
589,388
578,394
569,400
564,407
563,414
567,422
574,429
588,436
606,444
627,451
654,460
686,467
720,474
758,481
795,487
829,492
862,496
892,501
921,506
947,512
970,516
992,522
1010,525
1027,530
1040,534
1053,539
1063,543
1070,548
1074,551
1077,557
1078,560
1077,565
1073,569
1069,576
1061,580
1051,586
1039,591
1025,595
1009,599
990,604
968,608
945,612
918,618
890,622
859,627
825,630
804,632
786,635
768,637
750,637
730,636
711,633
691,630
670,627
651,625
632,623
611,618
593,612
575,608
558,602
543,597
530,591
519,586
510,579
504,574
500,567
498,562
500,556
505,550
513,544
525,538
541,533
561,528
586,524
615,519
650,514
688,510
727,505
765,501
801,497
834,493
865,489
894,485
920,481
945,477
967,473
987,468
1005,463
1019,460
1032,454
1042,451
1051,446
1056,442
1061,438
1063,433
1063,429
1060,425
1056,419
1049,416
1041,410
1031,407
1018,402
1002,397
985,393
965,388
943,383
918,379
892,374
862,369
836,364
816,358
798,353
780,349
761,345
740,344
720,345
700,346
680,347
660,348
644,351
627,356
612,361
597,366
584,371
575,377
566,383
560,390
559,398
562,405
570,413
583,421
601,429
623,438
650,447
682,455
718,462
754,469
791,475
825,480
858,484
887,489
914,494
940,499
963,504
983,510
1002,515
1017,520
1031,525
1040,529
1050,534
1057,537
1061,543
1063,545
1064,551
1062,556
1057,561
1051,565
1042,571
1032,576
1019,580
1004,585
987,589
968,593
946,597
921,601
894,606
866,611
835,614
801,619
774,622
752,626
730,627
708,626
687,623
666,621
646,618
626,616
607,614
588,610
570,605
554,600
539,595
526,590
515,582
507,577
500,572
496,567
494,562
495,557
500,551
507,546
519,542
534,536
553,532
577,527
606,523
640,518
678,513
718,507
757,502
794,498
828,494
861,489
890,484
917,480
943,475
966,469
987,465
1005,460
1021,455
1034,451
1045,446
1054,442
1061,438
1066,433
1069,428
1070,425
1069,420
1066,416
1060,412
1053,407
1044,403
1033,399
1020,394
1004,391
986,386
966,381
944,376
920,372
894,367
866,362
848,355
837,348
827,345
815,345
799,349
782,348
765,347
745,347
726,347
705,349
683,351
662,353
645,354
628,358
611,363
595,368
584,375
574,381
567,388
561,395
559,403
562,413
570,423
583,433
601,442
622,451
648,461
679,469
712,476
746,482
782,487
816,493
847,496
876,501
904,506
930,510
952,514
972,519
991,524
1007,527
1020,531
1031,535
1039,539
1047,543
1053,546
1054,550
1055,554
1053,558
1050,561
1043,566
1035,571
1025,575
1012,579
997,583
980,588
960,591
939,595
914,599
889,603
860,607
828,610
794,615
766,614
746,616
726,618
705,617
684,617
662,617
642,616
621,613
600,607
581,603
565,599
550,594
538,590
527,586
518,582
512,578
508,573
505,567
506,562
509,556
517,551
530,546
546,540
568,535
594,530
625,524
662,520
700,517
739,513
776,509
810,504
843,498
873,496
900,494
926,490
949,486
970,482
989,478
1004,474
1018,470
1030,466
1039,462
1047,459
1051,456
1054,452
1055,449
1055,445
1052,442
1047,438
1040,434
1030,430
1019,427
1006,424
990,419
972,415
952,411
929,407
905,403
878,398
850,394
830,388
812,382
794,378
776,375
758,374
738,374
718,374
698,375
678,375
659,375
643,375
625,379
610,385
596,390
583,394
573,398
566,404
562,409
563,416
568,424
578,433
593,441
613,449
637,458
667,467
700,474
736,480
773,486
807,490
839,494
868,498
895,502
920,506
944,510
964,514
983,519
999,522
1011,525
1023,529
1031,533
1038,537
1042,540
1046,544
1046,547
1044,551
1040,554
1034,558
1026,561
1016,565
1003,568
988,572
971,575
952,579
929,582
905,586
878,589
850,592
819,595
785,598
755,601
732,605
710,606
690,606
670,605
650,603
631,602
611,601
592,598
574,594
557,591
542,586
530,583
520,578
512,575
506,570
502,566
501,561
502,556
505,551
511,545
521,540
534,535
553,531
577,526
605,522
638,516
675,512
712,508
749,502
785,498
817,493
847,488
875,484
901,479
924,475
945,470
965,465
981,460
995,455
1007,450
1017,446
1024,441
1030,437
1033,432
1034,427
1034,423
1031,418
1026,415
1017,409
1008,405
997,400
984,396
968,390
949,386
929,380
907,376
882,371
855,366
830,360
808,356
789,351
769,348
750,348
729,349
709,352
688,355
667,358
648,359
628,362
610,368
591,373
575,377
561,383
552,388
546,395
543,403
544,411
549,420
560,429
575,437
594,446
617,455
645,464
678,473
713,479
751,487
788,493
824,498
857,503
889,508
917,513
944,518
967,523
990,530
1008,533
1025,537
1040,543
1052,548
1062,552
