#x_position,y_position
672,488
672,488
703,492
731,497
760,502
788,507
812,511
835,517
856,522
876,527
893,533
905,538
917,543
928,549
936,554
943,559
946,564
950,570
951,574
948,580
945,586
939,591
931,597
921,602
909,608
894,612
878,618
860,623
838,629
816,635
792,640
766,646
738,651
710,658
684,663
665,662
645,659
628,652
610,647
593,641
575,635
561,632
543,626
528,622
514,616
503,610
494,603
489,596
486,588
484,580
487,572
489,565
497,558
508,551
521,544
538,537
561,530
588,524
616,516
645,509
671,502
696,496
718,490
740,483
760,477
778,471
794,464
807,458
818,452
830,445
836,438
842,432
846,426
846,420
848,413
845,408
841,401
835,396
827,390
816,383
804,377
790,371
774,365
757,359
737,354
715,346
690,341
662,337
640,328
622,321
604,310
586,306
569,301
551,300
533,303
516,305
499,309
484,312
472,316
459,322
450,329
443,338
440,348
437,359
437,369
442,379
446,390
456,401
470,411
489,423
512,434
539,443
569,452
601,459
632,464
664,469
691,474
719,479
743,484
767,490
788,495
807,501
825,506
840,513
853,518
864,524
873,530
879,535
884,541
888,547
887,552
887,557
884,563
880,569
872,574
864,580
853,586
839,592
824,597
807,603
788,608
767,614
743,620
718,625
694,633
672,634
652,641
635,644
616,645
598,644
580,641
563,639
546,636
533,635
518,632
506,629
495,625
486,620
477,614
474,607
470,600
470,593
472,586
477,580
485,573
498,567
514,560
534,553
558,546
584,539
612,532
638,526
662,520
684,514
706,508
724,503
742,498
757,492
771,486
783,481
792,475
800,470
805,464
808,459
811,454
809,448
806,443
803,437
797,432
788,426
778,420
766,415
752,410
737,405
718,399
698,394
676,388
652,383
628,377
608,369
591,362
573,356
556,351
541,346
526,343
511,342
498,342
483,345
470,348
457,351
444,356
436,361
432,368
428,375
429,383
432,391
437,400
446,409
459,420
477,430
498,443
525,453
555,462
586,469
616,475
645,482
673,490
700,496
723,502
746,509
767,516
785,524
801,531
815,538
826,545
836,553
845,560
850,567
852,574
857,582
854,589
852,596
848,604
844,611
835,619
825,627
814,634
798,641
783,649
764,657
743,665
719,673
696,681
669,684
648,690
629,692
612,691
595,685
578,678
564,672
550,662
537,650
527,641
516,629
508,617
503,605
501,594
504,584
510,575
521,566
536,557
556,549
579,540
606,531
634,524
661,517
685,511
707,505
729,498
749,492
766,486
781,480
795,473
807,468
816,461
824,455
829,449
833,443
835,437
834,431
832,426
828,420
822,414
815,408
806,403
794,396
781,390
765,385
747,380
726,374
705,368
682,362
658,356
636,353
614,347
594,337
577,332
560,328
543,327
528,328
512,330
500,333
487,338
477,343
468,348
462,355
459,365
460,375
463,386
472,396
484,406
499,417
517,427
540,438
565,449
594,458
624,464
653,470
680,475
704,482
729,487
751,492
771,497
790,502
806,507
820,513
831,519
842,525
850,530
856,536
861,541
863,547
863,553
861,558
857,564
851,569
844,575
836,581
824,587
810,592
794,598
775,603
756,609
734,615
712,620
694,624
679,631
660,633
642,637
623,640
605,643
586,643
568,642
550,641
537,640
522,636
510,631
501,628
495,622
494,616
495,611
499,604
507,598
518,592
534,585
554,579
577,572
605,566
632,558
658,551
681,545
702,538
722,532
741,526
758,520
772,514
785,508
796,502
805,495
811,489
815,483
820,477
819,471
820,465
817,458
813,453
805,446
797,440
787,434
775,428
759,421
744,416
724,410
703,403
680,398
656,391
629,384
604,377
584,370
566,368
550,366
535,364
522,364
509,365
497,366
487,369
479,373
472,378
469,384
468,390
470,398
475,406
483,414
495,423
510,432
530,442
554,451
581,460
610,467
641,473
669,479
693,486
717,493
740,499
760,506
779,512
796,520
810,527
821,533
832,540
841,547
847,554
851,561
856,568
856,574
852,581
850,588
846,595
837,602
828,609
817,616
803,623
787,630
770,636
750,643
729,650
707,658
682,664
663,674
648,677
631,677
615,678
598,677
582,676
566,672
551,668
537,664
525,659
513,651
506,644
500,635
497,626
496,616
498,606
502,596
511,586
523,575
540,565
559,554
583,544
608,535
632,525
655,517
675,509
694,502
712,493
727,486
741,479
753,471
762,464
771,456
777,448
780,441
781,433
782,426
780,419
778,411
772,404
765,396
756,389
744,382
730,374
715,367
698,360
679,352
657,345
632,338
605,331
582,324
563,317
548,307
536,302
524,301
511,303
499,307
487,312
477,318
467,326
461,334
458,344
459,354
462,366
468,376
478,387
491,397
509,408
531,419
556,429
584,438
615,445
645,451
674,457
698,463
723,470
746,477
768,483
786,489
804,496
818,503
831,509
841,516
851,522
858,529
862,535
862,542
864,548
862,555
859,561
857,568
849,575
841,582
829,589
815,596
801,602
783,609
764,615
743,622
719,628
698,636
680,640
662,649
644,653
625,653
607,654
590,650
575,647
562,642
547,635
535,629
523,622
515,615
510,609
509,602
510,596
514,589
522,583
534,576
550,570
571,563
596,556
624,550
654,542
684,534
710,527
734,520
758,512
781,504
801,498
819,491
835,483
849,475
861,468
871,461
877,453
884,446
890,439
893,432
890,424
890,418
885,411
880,404
874,396
865,388
853,381
839,374
824,367
805,359
787,352
765,345
741,339
715,331
684,324
656,318
631,312
611,307
592,304
576,303
561,306
545,312
530,318
517,327
507,338
497,350
491,363
489,376
492,389
498,402
508,415
522,427
540,438
563,449
589,459
619,467
649,473
679,479
707,485
731,490
756,494
776,498
797,503
814,508
830,513
844,518
856,524
867,529
873,534
879,539
883,544
884,549
884,554
881,560
878,565
872,570
864,574
853,580
841,585
827,590
809,594
791,600
771,605
749,610
726,615
705,619
687,623
671,629
654,636
637,639
620,642
602,638
587,633
571,627
559,621
547,613
536,606
528,600
523,593
521,586
524,579
530,572
541,565
557,559
578,552
604,546
632,539
663,533
693,526
719,521
744,515
767,509
790,504
810,498
828,493
844,487
858,482
870,476
880,471
888,466
894,460
899,454
900,449
900,444
897,438
895,433
889,428
882,423
873,417
861,412
849,406
832,401
814,395
793,390
772,385
748,380
722,374
694,369
666,363
636,359
614,357
595,355
576,355
559,353
541,353
526,354
512,356
498,360
486,367
478,374
473,382
473,390
476,398
484,406
494,414
508,422
525,430
546,437
572,445
601,451
630,457
661,460
688,465
713,469
738,475
759,481
780,485
798,491
814,496
828,502
840,508
850,513
858,518
864,522
868,528
871,532
872,538
869,543
865,549
862,554
853,559
844,564
832,571
817,575
803,581
785,587
765,592
746,597
733,603
723,611
711,616
697,619
683,619
667,618
650,615
632,611
616,608
599,607
583,605
569,603
558,600
545,594
536,589
529,583
527,576
527,570
533,564
543,557
559,550
578,543
602,534
630,526
661,517
691,509
719,499
743,490
769,481
790,472
811,463
830,454
848,444
861,435
873,426
884,417
893,409
899,399
902,390
903,382
905,373
903,364
901,355
897,348
889,338
884,329
871,320
858,312
843,302
827,293
808,284
787,276
765,267
741,258
719,250
707,245
693,242
679,240
664,241
649,243
634,248
618,253
602,262
586,272
570,287
556,298
546,309
538,322
530,337
524,351
523,364
526,377
533,390
544,402
561,412
581,424
607,432
634,440
665,445
696,450
725,455
750,460
775,465
798,470
819,475
838,480
855,485
870,490
883,495
893,500
902,506
909,511
914,516
917,521
917,526
916,531
913,536
908,541
902,547
894,551
882,557
870,562
855,568
836,572
817,577
798,583
774,588
752,593
734,596
719,600
703,602
686,602
668,603
648,601
630,600
612,598
596,595
581,592
567,588
555,583
546,578
539,573
537,568
540,564
547,558
559,552
575,546
596,540
621,534
649,527
676,521
703,516
726,510
748,504
767,499
785,492
802,487
816,481
829,476
839,470
848,464
854,459
860,453
860,448
864,442
860,436
858,432
855,426
847,420
839,415
828,409
815,403
799,398
783,393
764,387
742,381
719,376
693,371
670,365
648,360
629,356
611,354
593,353
576,352
559,353
544,354
532,355
518,359
507,363
497,369
493,377
491,385
494,394
502,403
512,413
527,422
544,430
566,439
591,447
617,454
646,461
678,466
709,470
737,475
762,480
788,485
810,491
832,495
850,500
867,505
882,509
894,515
905,520
914,525
920,529
924,535
927,539
925,544
924,549
920,554
916,560
908,565
899,570
887,575
874,580
857,585
839,589
818,595
795,601
772,605
748,610
728,616
710,620
691,623
673,623
652,619
634,616
617,613
604,609
591,605
579,600
567,595
557,590
551,584
546,578
545,573
547,566
553,560
565,553
580,547
602,541
628,534
657,526
686,520
714,514
738,508
762,500
784,493
803,488
821,482
838,476
852,469
864,463
874,457
882,451
888,445
893,439
895,433
894,427
889,422
889,415
884,409
875,402
866,396
854,390
841,384
825,378
807,372
789,366
766,360
743,354
720,348
700,341
678,338
659,330
638,327
617,326
596,332
576,339
558,344
545,349
534,355
524,360
517,368
511,377
508,387
509,397
514,408
523,418
537,429
555,441
577,453
603,463
632,472
663,478
693,484
719,490
744,496
769,503
790,508
811,513
829,519
845,524
859,530
871,536
880,542
888,548
893,553
895,560
899,566
899,572
897,577
892,583
886,590
879,596
869,603
855,609
840,614
824,620
806,626
786,633
765,639
748,644
735,650
722,653
708,657
693,658
676,657
659,656
641,653
624,649
608,642
595,632
587,623
578,612
572,602
568,594
567,586
571,578
581,570
597,561
618,552
644,545
672,538
699,531
724,525
746,519
766,513
786,507
803,500
817,495
830,489
841,483
850,477
857,472
862,465
866,460
866,454
866,448
863,443
859,437
853,431
844,425
834,418
822,413
806,407
791,402
773,396
752,391
730,386
709,382
693,377
678,371
662,367
645,362
627,365
609,366
592,369
576,374
565,379
554,384
545,391
540,398
538,404
540,411
545,418
554,425
567,432
585,439
606,447
631,454
660,459
691,465
721,471
748,476
773,482
797,486
820,491
840,496
858,501
874,507
889,511
900,517
910,523
918,528
924,532
929,538
930,543
930,548
928,554
925,560
919,565
912,570
901,576
889,581
876,586
859,591
842,596
821,602
799,607
777,611
756,613
740,617
724,619
707,620
690,618
672,614
653,607
635,602
619,596
604,589
591,582
582,575
576,569
572,564
571,557
573,551
578,545
588,538
601,530
618,523
639,516
664,509
691,502
718,496
743,490
766,484
787,477
807,471
826,466
841,460
856,454
867,448
877,441
885,435
891,429
895,423
897,417
896,412
895,406
891,400
886,394
878,387
868,381
855,375
841,369
827,363
808,357
788,351
765,346
741,340
717,332
697,330
674,316
659,319
642,322
625,323
609,325
594,332
578,339
565,346
553,353
544,359
536,366
529,374
525,381
522,389
522,398
526,406
535,415
550,422
570,430
594,438
622,445
652,451
684,457
715,462
742,468
766,473
789,479
812,484
831,490
849,496
864,502
878,507
889,513
899,518
906,524
913,529
917,535
916,540
914,546
912,551
908,557
905,562
896,568
886,573
873,579
859,585
842,590
824,595
804,601
780,607
756,612
730,618
704,625
679,629
659,628
641,627
624,625
609,623
592,619
578,616
562,613
548,609
533,604
520,600
509,596
501,593
494,588
490,583
489,577
488,571
490,565
497,559
507,553
523,546
543,539
567,533
594,527
625,522
655,516
685,511
712,506
736,501
760,496
783,492
801,486
820,482
836,477
849,473
860,468
870,463
877,459
883,454
885,450
887,446
888,441
885,437
882,432
877,427
868,423
859,418
847,414
833,410
816,405
798,401
778,397
756,393
731,388
705,385
680,379
657,371
637,368
616,365
594,367
573,366
552,364
531,363
512,363
495,362
480,361
467,361
456,362
447,364
440,366
435,368
431,371
428,375
428,378
429,382
432,387
437,391
444,395
453,401
466,406
483,413
504,419
531,426
562,433
597,439
634,446
671,449
704,455
734,460
764,465
793,471
819,475
843,480
865,485
886,490
903,496
921,501
933,506
946,512
956,517
965,522
971,527
972,532
971,539
974,543
972,549
967,555
960,560
952,565
941,571
929,577
915,583
897,588
880,594
858,600
836,606
810,612
783,618
753,624
721,629
686,635
661,638
640,637
618,635
599,633
580,631
563,629
547,627
532,627
520,627
507,626
494,623
485,620
475,615
470,610
464,606
461,601
461,596
460,592
463,588
469,584
478,580
491,576
508,572
529,566
554,560
583,554
614,548
648,541
681,535
712,529
738,523
766,517
793,511
816,505
837,500
856,494
873,488
888,482
902,477
913,471
921,465
928,459
934,454
939,447
937,442
939,436
936,431
931,425
923,420
917,413
904,408
892,401
876,396
859,390
840,385
819,379
796,374
771,369
743,363
716,357
690,350
662,344
639,340
617,336
594,331
571,330
549,332
528,333
506,335
486,336
470,337
455,338
442,339
434,341
427,344
422,348
419,352
418,356
418,361
419,365
423,371
428,377
435,384
443,392
454,399
467,408
483,415
501,424
522,433
546,441
574,450
606,457
640,462
673,465
704,468
732,474
758,480
784,484
806,486
827,490
846,494
863,499
877,503
889,508
900,512
909,517
916,521
920,525
923,530
924,534
922,539
919,543
914,548
907,552
898,557
887,562
874,566
858,571
839,576
819,580
798,585
773,590
747,594
720,599
693,604
669,611
649,615
631,618
612,621
594,625
577,628
562,630
546,629
532,632
517,633
502,633
490,634
479,634
470,634
462,633
457,631
453,628
450,624
448,619
449,614
450,608
454,602
459,595
466,588
477,580
491,571
510,563
534,555
563,547
593,541
625,535
654,530
682,524
708,518
732,512
755,507
776,501
794,495
812,490
826,484
839,478
849,473
858,467
865,461
867,455
870,450
871,445
869,439
868,433
863,427
856,422
847,415
836,410
822,405
807,398
789,393
771,387
749,382
725,376
699,370
671,366
644,359
616,354
593,346
572,343
550,341
530,341
510,341
494,341
478,344
463,346
450,349
440,352
432,356
426,360
422,364
420,370
420,375
422,381
425,387
430,394
439,401
448,408
463,416
481,425
505,432
532,440
562,448
596,456
631,461
666,465
696,469
724,474
752,479
778,485
801,490
822,495
843,500
860,506
876,511
889,516
900,522
910,527
917,533
922,537
925,543
925,548
926,553
923,559
918,564
913,570
905,575
894,580
880,586
867,592
849,598
830,603
808,608
786,614
761,619
734,625
705,630
679,638
653,640
636,647
618,651
601,654
583,655
566,655
548,652
532,650
517,650
503,650
489,649
478,648
469,646
462,644
456,642
452,639
450,636
449,632
449,628
452,624
457,619
466,614
478,608
496,600
517,594
544,586
576,578
610,571
645,563
678,555
709,547
737,539
764,530
790,522
815,514
837,506
857,498
875,490
890,482
904,474
916,466
926,458
934,450
939,442
943,434
945,427
946,419
944,411
939,403
933,396
925,388
914,380
902,372
887,364
872,356
853,348
833,340
810,332
785,325
758,317
729,308
696,299
665,288
641,286
620,280
597,279
573,280
550,284
529,285
510,290
492,297
478,303
463,311
450,320
442,329
436,337
431,345
431,352
430,360
432,368
436,376
444,384
455,392
471,400
490,407
514,415
541,423
572,432
607,440
642,447
678,452
709,457
738,463
767,469
794,475
819,481
841,486
862,493
880,499
896,505
911,511
924,517
934,523
941,528
947,534
951,540
951,546
953,552
950,557
947,564
941,570
933,576
921,581
910,589
896,595
879,601
860,608
840,613
