#x_position,y_position
690,520
690,520
719,513
751,505
786,499
822,492
858,483
893,476
924,469
955,462
982,458
1009,452
1035,446
1057,440
1076,434
1093,428
1108,422
1123,416
1135,411
1144,405
1153,400
1155,395
1158,389
1160,385
1159,380
1157,375
1156,369
1150,364
1143,359
1133,354
1121,349
1109,344
1093,339
1075,333
1055,326
1033,321
1009,316
984,310
957,305
939,300
923,296
911,313
907,292
895,301
882,301
866,302
848,300
828,300
806,298
782,297
758,296
734,295
708,295
680,296
654,299
629,303
604,309
582,315
564,321
550,328
541,334
538,341
540,348
545,353
554,357
570,362
589,366
611,370
638,374
667,377
706,384
746,389
787,395
829,402
868,409
902,415
936,421
969,429
999,435
1028,442
1055,449
1076,456
1098,462
1119,469
1133,476
1152,483
1165,489
1174,496
1185,502
1188,508
1193,515
1194,520
1196,527
1194,532
1191,538
1185,545
1182,552
1172,558
1161,564
1148,571
1132,577
1114,584
1094,590
1073,596
1049,603
1023,610
992,617
962,623
933,629
907,636
896,637
881,641
866,645
850,648
832,653
811,658
790,661
768,664
746,665
722,665
697,664
672,662
653,660
633,657
615,653
601,647
590,641
583,632
578,623
577,613
578,603
583,594
590,584
599,573
612,564
630,555
649,546
675,538
704,532
735,525
768,517
804,510
841,501
877,494
909,488
937,482
965,475
992,468
1017,462
1041,455
1061,448
1078,441
1096,435
1110,428
1123,422
1133,415
1141,410
1148,403
1153,397
1155,390
1155,385
1155,378
1151,372
1145,366
1138,360
1129,354
1118,348
1106,342
1090,336
1073,331
1053,324
1032,318
1009,313
985,306
959,300
940,295
927,292
914,284
906,279
893,277
878,275
859,284
840,287
820,287
798,290
776,293
755,296
733,299
710,302
684,306
664,309
641,314
621,319
604,324
587,329
575,334
566,339
560,344
556,349
556,354
560,358
564,361
575,365
588,367
604,370
622,372
645,374
675,376
706,381
747,386
785,390
824,398
861,404
895,412
926,416
959,423
988,429
1016,436
1040,443
1064,449
1083,456
1100,462
1117,469
1129,476
1142,484
1154,489
1162,496
1166,500
1171,507
1170,513
1170,519
1168,525
1164,531
1161,538
1153,543
1143,550
1129,554
1117,562
1101,569
1084,574
1063,581
1042,587
1017,593
989,600
964,605
939,612
921,618
909,624
896,629
882,633
868,636
852,639
835,639
815,643
793,645
770,648
747,649
724,650
701,651
677,654
657,654
638,653
622,651
609,647
598,641
591,633
587,626
586,617
587,609
590,600
596,592
606,584
619,575
635,568
655,559
679,553
708,545
739,538
773,531
809,522
846,513
881,504
911,497
942,488
970,480
997,471
1021,463
1045,455
1066,446
1084,437
1100,429
1114,420
1126,412
1137,403
1145,395
1149,387
1152,379
1155,371
1156,364
1154,355
1154,348
1149,340
1143,333
1134,325
1123,317
1110,309
1095,300
1078,293
1059,285
1039,277
1017,270
992,262
965,254
946,245
934,240
925,232
915,226
902,216
890,225
877,227
859,230
840,234
819,238
796,243
771,247
746,252
720,258
695,264
671,271
648,280
627,290
607,299
590,308
576,317
565,324
560,332
559,339
564,345
573,351
585,356
601,361
620,366
641,370
667,373
699,379
740,387
780,393
820,400
858,407
892,414
926,421
957,428
986,435
1014,443
1041,450
1063,457
1082,464
1101,469
1120,478
1130,484
1147,492
1158,499
1166,505
1172,512
1175,519
1177,525
1177,532
1175,539
1173,545
1166,553
1164,559
1151,565
1142,573
1128,580
1112,588
1095,594
1075,602
1053,609
1028,616
1001,624
973,631
943,638
913,645
894,654
884,659
872,656
861,663
848,664
835,666
823,671
809,670
793,669
778,667
763,666
747,662
726,656
709,650
693,645
678,639
663,634
651,627
639,619
629,611
622,601
617,592
612,584
614,575
620,568
628,560
638,553
651,546
670,538
692,533
717,527
746,520
778,513
811,506
846,499
876,492
904,485
930,478
955,471
978,465
1000,458
1020,451
1037,444
1052,437
1066,430
1077,423
1086,416
1093,411
1097,403
1100,396
1101,390
1104,383
1098,377
1095,371
1089,365
1082,358
1074,351
1061,344
1047,338
1031,331
1013,325
993,318
972,312
948,305
922,298
902,290
891,280
881,274
870,270
857,268
843,268
826,269
809,270
788,271
768,273
747,275
724,276
702,278
680,279
658,281
638,283
618,288
601,294
586,299
572,307
560,315
552,322
547,330
546,336
549,342
556,347
566,353
582,358
601,362
623,366
649,371
680,376
720,382
759,389
799,396
839,403
877,408
910,415
943,422
975,429
1004,435
1032,443
1057,450
1076,457
1096,462
1117,469
1129,477
1147,484
1157,490
1168,497
1173,502
1179,509
1184,515
1184,521
1183,528
1182,534
1181,540
1172,546
1166,553
1154,559
1144,566
1129,572
1113,579
1095,585
1075,591
1052,598
1028,604
998,611
971,618
942,624
919,630
907,634
894,635
881,639
866,642
851,645
833,647
814,648
795,649
775,649
755,650
734,650
709,649
688,650
671,649
651,646
635,643
619,639
606,634
598,629
593,623
590,615
591,606
594,598
601,590
611,582
622,575
639,568
659,560
684,552
714,546
746,538
781,531
816,524
851,517
884,510
912,504
940,498
965,491
991,484
1013,476
1036,470
1054,464
1068,457
1085,450
1098,444
1108,437
1117,431
1121,424
1125,418
1127,411
1127,406
1126,399
1124,395
1122,387
1115,381
1106,374
1096,369
1083,363
1069,356
1049,350
1034,343
1012,338
989,332
965,326
943,319
927,309
916,301
906,294
894,289
882,286
868,286
852,289
834,290
813,290
792,290
770,289
748,288
725,288
701,289
678,290
656,292
636,294
618,298
601,301
585,307
572,311
562,316
554,321
549,326
547,331
547,334
551,338
559,340
568,342
581,344
597,345
617,346
641,347
671,351
702,352
743,358
784,364
825,371
863,379
898,387
932,394
967,402
999,411
1028,419
1056,426
1080,435
1102,442
1118,451
1136,459
1156,466
1170,473
1181,481
1190,488
1198,495
1204,503
1204,510
1207,517
1206,524
1204,532
1199,540
1192,547
1183,555
1172,563
1159,571
1144,579
1126,587
1106,595
1084,604
1060,612
1034,621
1004,629
972,638
941,647
915,656
899,664
885,669
870,672
857,673
842,672
826,671
808,668
789,666
769,664
748,661
727,657
704,653
684,647
667,639
649,633
634,625
622,617
612,609
607,599
604,589
606,579
611,569
619,560
629,552
643,544
659,537
681,530
708,524
738,518
771,511
807,504
845,496
882,489
915,483
946,477
974,470
1002,464
1031,457
1055,451
1076,444
1096,437
1115,430
1127,423
1143,418
1151,410
1161,404
1171,399
1174,392
1180,386
1180,380
1180,373
1177,367
1176,362
1169,355
1162,349
1152,343
1140,337
1126,331
1110,325
1092,318
1072,312
1050,306
1026,300
1000,294
972,288
942,281
922,276
913,269
902,266
892,265
879,265
864,266
848,267
829,269
808,271
785,272
761,273
736,274
710,275
683,278
657,281
633,285
610,291
591,299
575,308
562,316
554,324
549,331
549,337
553,342
559,348
570,352
583,357
601,362
620,365
649,369
677,372
717,379
757,385
797,392
837,400
873,407
907,415
940,422
971,429
1001,436
1028,444
1053,452
1073,460
1092,468
1115,475
1127,482
1145,490
1157,497
1166,505
1171,512
1177,520
1184,526
1183,534
1182,540
1181,547
1176,555
1169,562
1164,569
1153,576
1141,584
1127,592
1110,599
1090,607
1070,614
1046,622
1021,629
991,637
961,644
931,652
899,660
873,668
855,673
839,679
823,684
807,685
793,686
778,685
763,684
748,681
728,680
711,678
695,674
676,669
666,666
650,661
635,657
623,651
611,645
603,639
596,632
593,625
592,616
595,608
601,600
609,592
617,585
631,578
648,572
669,566
695,559
726,552
760,545
796,537
833,530
869,523
904,515
935,509
964,502
995,495
1023,488
1049,482
1071,474
1089,468
1111,460
1123,454
1139,446
1154,440
1164,433
1173,427
1176,420
1180,414
1183,409
1188,401
1183,396
1178,389
1174,383
1170,375
1162,369
1150,363
1138,356
1122,350
1106,343
1086,337
1065,331
1041,324
1016,318
988,312
959,306
930,301
916,296
903,294
887,290
871,288
850,286
833,284
812,282
789,281
766,279
741,280
715,279
690,281
664,284
640,287
616,292
595,296
578,301
563,306
553,312
546,317
543,322
542,328
544,333
550,338
558,342
569,346
584,349
601,352
625,354
649,357
680,360
718,365
757,371
797,377
838,385
874,393
908,401
941,409
974,415
1004,423
1032,432
1058,440
1078,448
1099,456
1121,464
1132,473
1149,481
1164,487
1173,495
1178,503
1185,510
1187,517
1190,526
1189,532
1187,540
1188,547
1178,554
1173,562
1163,569
1151,577
1137,584
1120,593
1102,600
1082,608
1059,615
1034,623
1007,630
977,638
948,646
919,654
898,659
884,667
868,670
850,673
831,675
811,677
791,678
771,678
753,677
728,676
707,672
688,668
670,663
655,657
637,653
623,646
610,639
601,631
595,624
591,615
592,605
596,596
603,586
613,577
624,568
639,558
659,549
682,540
711,533
741,525
775,519
812,512
851,505
886,498
918,491
948,485
978,479
1006,472
1033,466
1056,459
1074,453
1094,446
1114,441
1129,434
1141,427
1152,422
1162,416
1165,410
1169,404
1173,398
1174,391
1173,386
1172,379
1166,373
1161,368
1155,362
1145,356
1133,349
1118,344
1102,338
1084,332
1064,326
1041,320
1016,315
989,308
961,302
934,295
912,290
898,287
883,285
869,283
850,283
833,284
812,284
791,285
768,285
744,285
717,285
695,285
671,286
648,289
625,292
605,296
587,301
572,306
559,311
549,317
543,324
539,330
537,337
539,343
543,349
551,355
563,361
577,366
596,372
619,376
645,382
675,388
711,396
752,401
792,409
831,416
869,423
903,431
935,439
966,446
995,452
1022,460
1048,468
1070,475
1086,482
1106,491
1119,497
1135,505
1149,511
1155,518
1166,524
1167,531
1170,538
1171,544
1170,549
1168,557
1167,563
1157,570
1151,578
1141,584
1127,591
1113,597
1095,605
1077,612
1056,619
1033,626
1008,635
979,643
951,650
925,657
904,663
890,670
873,672
860,676
845,676
827,678
809,677
788,676
768,674
748,672
726,669
699,667
678,664
660,660
644,655
625,650
611,642
598,634
589,625
585,614
583,605
584,595
588,586
594,577
603,568
616,560
632,551
653,541
678,532
709,526
743,519
779,512
817,505
857,499
893,492
926,488
956,482
987,476
1016,470
1043,465
1068,459
1085,454
1109,448
1124,442
1139,437
1157,432
1169,426
1175,420
1186,416
1187,411
1191,405
1193,401
1193,395
1192,390
1192,385
1183,379
1179,374
1169,369
1157,364
1145,358
1129,353
1112,348
1092,343
1070,337
1045,333
1020,328
991,323
962,318
935,312
920,305
909,301
899,298
885,295
871,293
856,292
840,292
821,291
802,289
781,286
760,283
739,280
716,277
692,274
669,274
646,274
624,274
604,275
587,278
571,280
558,285
548,290
541,295
536,299
534,304
535,309
539,313
547,316
557,319
571,322
587,324
608,325
630,327
657,330
690,334
726,338
766,344
805,351
845,359
879,364
913,371
944,381
977,389
1008,397
1035,405
1059,413
1082,421
1101,428
1116,436
1129,444
1148,451
1160,459
1169,466
1172,474
1178,481
1181,487
1182,495
1182,502
1179,508
1175,514
1169,522
1164,529
1153,536
1141,543
1126,551
1109,558
1090,566
1069,573
1045,581
1018,588
989,596
961,604
932,613
904,620
885,627
872,628
855,633
839,635
820,636
800,637
780,638
760,639
739,640
716,640
695,640
676,641
662,639
646,636
631,632
618,628
607,623
598,618
591,613
588,607
587,600
589,593
592,586
598,579
608,571
616,564
631,557
649,550
671,543
696,534
727,529
759,521
794,513
829,506
864,498
897,492
927,485
954,479
981,473
1006,467
1030,459
1051,452
1067,446
1085,440
1101,434
1115,427
1123,420
1133,414
1140,408
1145,402
1147,395
1145,389
1144,383
1142,377
1139,371
1132,365
1122,358
1112,352
1099,346
1085,340
1068,334
1049,326
1027,321
1004,315
978,308
951,302
922,295
896,286
881,275
866,267
850,262
833,259
816,260
798,259
778,261
756,263
735,265
712,268
690,270
667,274
649,277
632,279
617,283
602,288
588,291
577,295
567,300
558,305
550,311
545,317
541,322
540,328
541,333
545,338
551,343
559,347
569,350
581,354
595,356
612,360
635,364
658,367
684,368
715,371
755,376
794,381
835,387
872,394
906,401
940,406
972,412
1003,419
1031,425
1057,432
1078,438
1102,444
1117,452
1132,458
1149,465
1164,469
1171,476
1181,482
1186,488
1191,493
1193,499
1192,504
1192,510
1189,516
1183,521
1177,527
1169,533
1158,539
1144,545
1129,551
1111,557
1091,563
1069,569
1044,575
1018,581
988,588
959,595
928,602
899,607
882,608
867,610
853,611
838,614
821,615
803,617
782,617
763,619
742,619
720,619
700,618
683,618
667,616
651,613
635,611
622,609
610,606
603,602
596,598
592,594
588,590
587,584
588,579
589,572
595,565
602,558
610,551
623,545
637,537
657,530
680,523
708,515
740,509
773,502
807,495
844,488
877,484
908,478
936,473
963,468
988,463
1013,457
1036,451
1056,446
1073,442
1089,435
1103,431
1115,425
1120,420
1131,416
1136,411
1136,406
1137,400
1137,396
1135,390
1133,384
1127,379
1118,373
1108,369
1094,364
1081,358
1065,353
1046,348
1023,342
1001,337
976,332
949,326
922,321
904,316
894,312
882,313
867,313
850,315
832,320
814,318
793,318
771,316
750,313
727,309
700,305
679,301
658,298
640,298
619,300
601,301
584,304
570,308
558,311
548,315
541,318
536,320
534,322
535,324
538,326
544,329
553,331
561,334
575,336
591,339
612,342
633,343
661,345
693,347
734,354
774,358
816,364
854,370
890,378
924,384
957,391
989,398
1018,405
1046,412
1072,419
1094,426
1115,433
1129,439
1149,447
1163,454
1176,460
1186,466
1189,474
1199,480
1198,486
1200,493
1200,499
1198,507
1197,513
1191,519
1183,526
1172,534
1159,540
1144,547
1127,553
1107,561
1085,568
1062,575
1034,582
1004,589
973,596
943,604
916,609
899,615
883,621
867,625
853,628
838,630
824,631
809,630
794,629
778,626
761,624
742,620
722,616
699,612
682,608
664,604
647,599
629,595
617,590
606,585
600,580
597,573
599,566
604,558
613,551
625,543
637,534
656,528
675,520
700,513
729,509
761,503
797,495
835,487
873,479
907,473
937,467
968,460
996,452
1023,444
1050,438
1073,432
1091,424
1112,418
1129,410
1143,404
1155,397
1165,391
1171,384
1177,379
1181,372
1184,366
1184,360
1186,353
1182,346
1174,341
1170,335
1162,329
1151,322
1138,316
1122,309
1105,303
1087,297
1065,291
1041,284
1016,277
989,271
959,264
934,256
918,249
904,246
887,244
868,245
849,247
830,249
808,252
785,255
762,258
741,259
718,262
696,265
674,268
653,273
634,277
614,283
598,287
583,292
569,297
558,302
548,307
542,312
537,317
536,322
535,327
538,331
543,336
553,340
563,344
578,347
596,350
618,351
646,355
675,358
713,364
754,369
796,375
836,382
871,389
907,396
940,401
973,406
1005,414
1033,421
1059,429
1080,435
1104,441
1120,448
1135,454
1154,462
1167,468
1176,475
1186,481
1189,488
1193,493
1196,500
1200,506
1197,512
1192,518
1189,525
1179,531
1171,539
1160,544
1146,550
1131,557
1112,563
1091,570
1070,576
1044,583
1018,589
986,595
956,603
925,610
893,615
864,619
842,626
823,631
804,636
785,639
768,643
750,646
732,648
712,651
690,654
672,656
652,658
635,658
618,657
603,654
590,652
579,650
573,646
567,642
565,637
563,631
563,624
566,617
570,609
575,601
583,593
595,584
606,576
623,566
643,556
668,546
699,539
733,530
768,522
806,514
845,506
880,498
913,491
943,483
971,476
1000,467
1027,459
1052,452
1072,444
1091,437
1109,430
1123,421
1137,415
1148,407
1156,400
1163,393
1169,385
1170,379
1171,371
1170,365
1166,357
1161,350
1157,343
1149,336
1137,329
1124,322
1110,314
1092,307
1074,299
1053,291
1028,285
1003,277
975,269
946,262
916,254
897,246
884,241
872,242
857,244
