#x_position,y_position
690,424
690,424
724,432
756,440
785,448
813,456
837,464
861,472
881,480
899,487
915,495
929,502
941,510
950,517
957,525
962,531
965,539
966,546
964,553
961,561
955,567
947,574
937,580
925,588
910,595
894,601
875,608
855,615
832,621
807,628
780,635
751,642
720,650
686,657
652,664
630,670
616,670
601,669
586,667
571,664
556,659
541,655
525,650
509,645
492,642
476,638
459,635
445,633
430,631
418,630
407,629
399,630
392,629
387,628
383,627
380,626
379,625
379,624
379,623
381,622
382,620
386,618
391,615
397,612
407,608
419,603
433,597
449,600
472,591
498,582
530,574
565,564
603,555
642,547
679,539
713,531
746,521
777,515
804,509
830,501
853,494
874,487
893,479
911,472
925,465
938,457
948,450
956,442
962,434
966,428
968,419
969,413
967,406
962,399
956,392
948,385
938,378
926,371
912,363
896,354
877,348
856,340
834,332
809,324
783,317
753,308
726,301
710,297
698,294
683,293
668,292
653,293
638,294
623,295
607,297
592,299
577,302
561,306
546,309
531,313
517,316
503,321
492,325
481,329
472,333
464,336
459,341
455,344
453,348
451,352
451,356
454,360
458,364
465,368
474,373
486,377
501,382
518,387
539,393
565,399
594,404
628,412
664,420
700,429
734,438
766,446
795,454
822,462
846,471
869,478
889,486
908,494
923,502
936,510
948,517
957,525
963,531
968,539
971,545
971,553
970,560
966,567
960,573
953,580
943,587
930,594
916,601
899,608
880,615
860,621
837,628
811,635
784,642
754,649
723,656
690,664
664,673
648,678
633,679
617,678
600,675
585,671
569,667
553,664
539,659
524,655
510,651
497,648
484,645
474,642
462,640
452,637
444,635
437,633
430,631
429,619
426,617
423,615
420,611
418,606
412,632
415,613
417,622
421,618
429,600
435,595
443,589
453,584
466,577
482,570
502,562
527,553
556,546
590,537
625,529
659,523
690,516
721,506
749,501
775,495
798,488
819,481
838,474
855,466
870,459
883,452
893,444
902,437
909,430
913,423
915,415
916,408
914,400
910,394
904,386
896,378
886,370
873,362
859,354
841,346
822,339
801,331
777,323
752,314
725,307
703,298
690,294
677,292
663,291
648,291
633,293
618,294
603,299
587,302
571,307
556,311
540,316
525,320
512,325
500,329
489,334
481,341
474,347
468,353
463,360
459,366
457,371
456,377
458,382
461,386
466,391
474,395
483,399
494,405
507,410
521,416
540,422
560,428
585,435
614,441
646,447
681,455
714,462
746,467
776,473
803,479
827,485
850,491
870,497
889,502
905,508
918,514
929,519
938,525
945,530
949,535
952,541
953,546
951,552
947,556
941,561
933,566
922,571
910,576
896,580
880,585
861,590
841,595
819,600
794,604
768,610
740,616
723,621
709,627
695,629
681,632
666,634
653,635
639,636
624,637
608,637
592,637
576,639
561,640
546,641
531,643
517,644
503,647
489,648
475,649
461,650
449,649
439,648
430,647
424,645
421,642
419,639
419,636
421,631
426,628
431,623
440,617
451,611
466,604
486,596
510,587
538,579
571,571
606,562
643,554
678,547
711,540
742,532
771,525
797,517
822,509
844,501
865,494
883,486
899,479
912,472
924,465
933,458
941,449
945,442
949,435
950,427
948,419
945,412
940,405
933,397
923,389
911,381
897,373
881,365
863,357
842,349
819,341
794,333
767,325
738,316
710,308
690,300
675,291
662,284
651,280
641,280
630,281
619,285
608,289
596,293
584,299
573,304
563,310
552,315
540,320
530,325
520,330
510,335
501,340
493,346
486,351
479,356
473,361
468,365
466,369
465,374
466,379
470,385
476,392
484,398
493,405
505,411
520,416
536,422
557,428
580,434
607,441
638,448
671,457
706,465
736,473
765,482
793,489
817,497
839,504
859,512
877,519
892,527
906,535
917,542
925,549
932,556
937,563
939,569
939,577
937,584
933,591
926,597
917,605
907,611
895,619
879,625
862,631
842,638
821,644
796,651
771,657
743,664
712,670
683,677
660,685
642,691
625,694
605,695
587,693
568,690
550,686
531,683
514,681
498,677
483,674
467,671
453,668
440,666
428,664
418,662
409,661
401,660
396,658
393,649
391,647
390,645
390,641
392,639
394,635
398,631
403,628
411,625
420,621
431,627
445,621
463,615
485,608
512,600
543,591
578,582
616,573
653,563
689,555
722,547
754,538
783,529
811,521
835,512
858,504
878,495
898,486
913,477
928,468
940,459
949,451
957,442
962,433
966,424
967,415
966,406
963,398
958,389
950,380
940,372
929,363
914,353
900,344
881,335
860,326
838,317
814,307
786,298
758,289
728,279
701,271
681,263
663,257
647,254
633,254
618,257
604,261
589,266
574,271
558,276
544,282
529,288
517,296
504,302
494,309
483,315
474,321
467,326
459,331
453,336
449,340
447,343
447,347
448,350
451,353
457,355
463,358
472,361
484,364
498,366
515,369
535,373
558,377
585,383
616,388
650,396
686,405
721,413
754,423
784,432
814,442
839,450
864,458
886,466
905,475
922,484
937,492
950,501
960,510
967,517
974,525
977,533
978,542
978,549
975,557
970,565
963,573
955,581
943,588
930,595
913,604
896,612
875,620
853,627
828,634
801,642
772,650
741,657
708,665
679,673
663,681
647,687
633,692
618,695
604,695
590,695
577,693
564,691
551,689
540,685
527,682
515,678
503,674
491,670
480,666
470,662
459,657
451,653
443,649
436,646
429,643
424,640
420,636
418,633
419,623
420,619
423,615
428,611
434,608
443,604
454,605
469,600
489,594
514,588
544,579
577,572
615,564
652,558
687,551
722,542
753,537
782,532
809,526
833,520
856,514
877,507
895,501
911,494
925,488
936,482
946,475
953,469
959,462
962,456
963,450
962,443
959,437
954,430
947,424
937,418
926,411
913,405
897,399
879,392
859,384
837,378
813,371
786,364
758,357
728,349
700,341
687,332
675,325
663,321
652,319
641,318
631,320
619,320
607,320
595,320
584,320
572,321
561,322
548,324
537,325
525,328
514,331
504,335
496,339
486,344
479,348
472,351
467,354
464,357
463,361
464,365
467,368
473,373
481,376
492,380
505,384
522,389
541,394
564,400
591,405
621,411
654,419
689,429
723,438
755,447
784,456
811,465
836,474
858,483
879,492
896,500
913,508
926,517
938,525
947,533
953,542
958,549
961,557
961,564
960,573
957,580
949,588
942,595
931,603
919,611
904,619
888,626
868,633
848,641
825,649
798,656
771,664
742,672
709,679
675,687
644,694
627,699
612,701
598,700
586,697
572,692
558,687
546,681
533,676
520,672
508,667
496,661
484,657
473,653
462,650
452,646
443,643
435,638
428,635
422,631
417,629
414,626
412,623
410,619
411,616
413,613
417,609
423,605
431,602
441,597
454,592
470,586
490,579
514,572
543,564
576,555
613,547
651,538
688,531
721,524
753,517
783,510
811,504
835,496
859,489
880,482
899,475
915,468
929,460
941,452
951,445
959,438
965,431
968,423
969,416
969,409
967,402
963,394
955,387
946,379
934,372
921,365
906,356
888,349
868,342
845,334
821,326
794,319
766,310
737,302
710,295
691,287
674,281
657,276
643,276
627,278
613,281
598,285
584,289
568,292
553,296
539,300
525,304
510,306
499,311
488,315
479,319
471,322
465,326
460,328
456,332
454,335
453,339
453,341
455,343
459,345
464,348
472,350
482,351
493,353
509,355
526,357
547,360
571,364
599,369
631,375
667,382
702,391
738,400
771,409
801,418
829,426
854,434
878,443
899,451
917,461
934,468
948,477
961,484
970,491
978,500
983,507
986,514
987,522
986,529
982,537
977,544
969,552
959,559
947,566
933,573
917,580
898,587
877,595
854,603
829,610
801,616
773,624
739,630
705,638
671,645
649,653
634,660
620,665
609,668
596,667
585,666
573,664
562,661
550,659
538,656
526,652
514,649
502,645
491,641
481,639
471,636
463,633
455,630
448,626
442,622
436,619
433,616
430,614
429,611
429,608
430,604
432,601
437,598
442,596
451,592
464,588
480,583
501,577
526,572
557,565
592,558
628,550
664,544
698,536
732,527
762,522
790,517
815,510
840,504
860,497
880,490
897,483
912,476
925,470
935,463
943,456
950,449
954,442
956,436
955,429
953,422
948,415
942,408
933,402
922,395
909,388
893,381
876,374
856,367
834,360
810,353
783,346
755,338
724,331
699,324
683,317
672,312
660,310
651,310
642,312
634,315
625,318
615,321
605,324
594,327
583,330
570,333
558,336
546,339
535,343
525,345
516,347
508,351
501,356
495,361
492,365
490,369
490,373
491,377
496,380
502,384
511,387
522,391
535,395
550,399
569,404
592,409
620,415
652,423
686,434
718,443
748,454
776,462
802,472
826,480
846,490
865,499
882,508
896,517
908,526
918,534
925,542
931,551
935,558
935,566
934,574
931,582
926,590
918,598
908,606
897,614
883,622
866,630
848,638
827,646
804,655
779,663
752,671
722,679
690,687
656,696
630,703
615,709
603,713
592,714
582,712
572,708
562,703
552,697
542,690
531,682
520,674
509,666
498,659
487,651
475,643
464,636
455,629
446,623
438,617
432,611
427,608
424,603
422,600
421,598
422,596
426,593
431,591
439,590
449,587
462,584
480,580
501,575
527,568
558,561
591,554
626,547
661,540
695,533
726,527
754,521
782,514
806,508
827,501
847,495
865,489
880,482
893,476
905,470
914,464
921,459
925,452
927,446
928,440
926,434
923,427
917,421
908,415
899,409
887,403
872,395
856,389
838,383
818,377
794,370
771,363
743,355
717,349
703,342
691,336
677,332
664,329
651,327
638,325
625,323
612,321
600,318
586,317
572,317
558,317
546,318
534,319
523,321
513,323
503,326
494,329
486,332
479,336
473,342
468,347
466,352
466,357
468,362
472,366
479,371
486,375
497,381
509,386
525,391
542,397
562,403
586,409
613,414
644,422
676,430
708,438
738,445
767,453
793,459
816,467
836,474
855,482
872,488
886,495
898,502
908,509
916,515
921,522
924,529
925,535
924,540
921,547
916,553
908,560
898,566
886,572
872,578
856,584
838,591
817,597
794,603
769,609
741,615
711,620
685,626
664,633
649,641
636,646
622,650
610,652
595,653
580,653
565,652
550,651
536,650
520,649
507,648
493,646
480,645
468,643
458,641
447,639
439,637
431,634
426,631
422,629
420,627
419,624
420,621
421,618
425,615
430,611
436,606
446,601
459,595
476,589
497,583
522,576
553,568
585,560
620,551
656,544
690,537
722,530
753,523
780,516
806,510
829,504
850,497
869,490
885,483
900,477
912,470
922,464
930,457
936,452
939,445
941,439
940,432
938,426
933,419
927,413
919,406
907,399
894,393
879,386
862,379
843,372
822,365
798,359
774,351
746,343
718,336
704,330
693,327
681,325
669,322
657,319
644,316
631,314
617,310
604,308
591,308
577,309
563,311
548,313
533,315
520,318
508,321
497,323
488,326
480,328
473,332
468,338
465,344
463,348
463,353
464,357
468,360
473,365
482,368
492,372
505,375
521,378
539,382
561,387
585,392
613,398
645,405
679,414
713,423
744,432
773,440
800,448
825,456
846,464
866,472
884,481
900,489
912,497
923,505
932,512
939,520
943,528
945,535
945,542
943,550
938,557
932,564
923,572
912,579
898,587
883,593
865,601
844,609
822,616
797,623
770,630
740,638
709,644
678,653
656,663
638,672
623,678
609,683
597,685
586,684
574,683
563,680
553,676
541,671
531,667
520,663
510,659
501,656
492,652
483,649
476,645
467,641
459,637
452,633
444,629
438,624
433,621
430,617
428,613
428,609
428,605
430,602
433,598
439,595
446,592
456,589
467,585
483,580
501,575
523,568
550,562
580,554
615,546
651,538
686,532
719,526
750,520
779,513
805,507
829,501
851,494
871,488
889,481
905,475
917,469
928,461
937,456
944,449
948,443
951,436
951,429
949,424
945,418
939,412
931,406
922,400
910,393
895,386
879,380
860,373
839,366
815,359
790,352
762,345
733,337
710,329
695,322
681,316
666,311
653,308
640,306
627,307
614,309
602,311
589,314
577,318
565,321
552,324
540,326
528,329
518,331
509,334
501,337
493,342
485,347
479,353
474,358
471,363
470,367
470,372
473,375
479,379
486,382
497,385
510,388
526,391
544,394
565,398
590,403
621,408
653,417
689,426
721,435
753,444
781,453
807,462
830,470
852,478
871,487
888,495
903,504
916,512
926,520
935,528
940,536
944,545
945,553
945,560
943,568
938,576
931,585
921,592
910,600
896,608
879,616
862,624
841,632
818,639
794,647
766,654
738,661
705,670
677,678
659,682
644,688
632,690
619,688
606,685
592,682
578,676
564,671
551,665
537,660
524,656
511,651
500,645
489,639
478,635
468,630
459,625
451,621
446,618
442,615
439,611
438,609
439,605
442,603
447,600
454,596
464,592
479,588
496,582
518,576
545,570
576,564
609,557
644,549
680,542
714,536
745,529
774,523
802,516
827,510
850,503
870,496
889,490
906,483
919,477
931,470
941,463
949,457
954,451
957,443
959,436
958,430
954,422
949,415
942,408
932,401
921,395
908,388
891,381
873,374
853,366
830,360
805,352
778,345
749,337
720,329
700,319
685,312
670,306
656,303
644,301
632,300
620,301
608,302
596,303
584,305
571,306
558,308
546,311
534,314
523,317
512,320
502,324
492,328
483,332
477,336
472,341
469,346
468,350
469,355
472,359
476,363
483,368
492,374
504,378
518,383
535,388
555,394
579,400
608,405
639,412
673,422
708,431
741,441
771,450
799,459
824,467
847,476
868,484
887,492
903,501
918,509
930,518
939,526
947,534
952,542
955,551
956,559
955,566
951,574
946,581
938,589
928,597
916,604
902,612
886,620
867,627
846,635
824,642
798,650
771,657
743,665
711,673
680,680
666,687
654,691
641,693
629,690
617,687
605,683
592,678
580,674
568,670
555,666
543,661
532,656
520,651
509,646
499,642
490,637
481,633
473,629
465,624
458,620
451,617
447,613
444,610
442,607
442,604
444,601
448,597
455,594
464,591
476,585
493,581
512,576
535,570
562,563
593,555
626,548
663,540
697,534
729,528
759,521
787,515
812,508
835,501
856,495
875,489
890,482
906,475
917,470
928,463
936,458
942,451
945,445
947,439
946,431
943,425
938,419
931,412
922,406
912,399
898,392
883,385
866,379
846,371
824,365
799,358
773,350
745,343
721,335
706,327
693,322
679,317
666,315
654,314
641,314
629,314
615,315
601,316
587,318
573,322
559,325
545,329
532,334
520,337
510,340
502,345
494,347
487,351
481,355
477,358
475,362
474,364
476,368
479,372
484,375
493,378
502,380
515,384
531,386
549,389
572,394
597,398
628,405
662,414
697,425
730,435
761,447
792,456
818,465
842,473
864,483
884,492
902,502
917,512
930,521
941,530
950,539
956,549
960,557
962,566
962,574
960,583
957,592
949,600
940,609
929,618
915,627
900,636
883,644
862,653
840,661
816,670
789,679
760,687
730,696
697,705
675,713
659,719
645,723
632,722
620,719
606,713
591,706
576,698
562,689
547,681
534,673
522,666
509,659
499,653
487,647
476,640
467,636
458,632
450,627
444,622
439,617
437,612
436,607
436,604
439,600
443,597
449,593
458,589
470,585
485,581
503,576
526,570
553,564
585,557
617,549
654,542
688,535
721,530
751,523
780,517
806,511
829,504
851,498
870,491
887,485
903,478
915,472
926,466
934,460
941,454
944,448
947,442
947,435
945,428
941,421
934,415
926,409
915,402
902,396
888,389
870,382
851,376
830,369
806,362
781,355
752,348
723,341
705,332
690,324
676,318
661,314
647,312
634,311
620,312
607,314
594,315
580,317
567,319
553,321
540,322
526,325
514,328
502,330
493,332
483,335
475,337
468,340
463,342
461,344
461,346
463,348
465,351
471,354
478,356
487,359
499,363
514,366
532,370
552,375
577,380
605,386
637,393
672,401
709,411
743,420
776,429
806,438
833,446
858,455
882,463
903,472
921,480
938,489
952,497
964,505
973,513
980,521
986,529
988,536
990,544
988,551
984,559
979,566
971,575
961,583
949,590
934,597
917,606
898,614
876,621
853,628
827,636
799,644
768,651
736,658
702,667
678,674
659,679
643,683
627,684
612,682
597,679
581,676
565,673
549,669
535,666
521,662
507,660
495,657
483,654
470,652
459,649
449,646
442,643
435,638
429,634
425,629
422,623
421,618
421,614
423,609
427,605
434,601
442,596
453,591
467,585
484,579
506,573
531,566
562,558
596,549
635,540
671,533
706,525
739,517
770,510
797,502
824,495
847,487
869,480
889,472
907,465
922,457
935,450
946,443
955,435
960,427
965,419
967,412
967,405
965,399
962,391
955,383
947,376
937,368
924,361
909,352
893,345
874,337
853,329
830,320
804,312
776,303
748,294
726,283
709,276
693,270
677,267
662,266
647,266
632,268
617,271
603,275
588,280
573,286
559,292
545,299
531,305
518,311
507,316
498,323
489,329
483,336
476,341
472,347
468,352
