#x_position,y_position
815,491
815,491
843,490
870,490
894,488
915,486
935,485
954,483
969,481
983,479
994,477
1003,477
1010,475
1016,473
1019,470
1020,468
1020,466
1017,464
1012,461
1005,459
996,457
985,455
972,453
958,451
941,449
921,446
900,443
876,440
851,438
824,436
794,433
763,429
735,427
718,422
709,418
699,413
687,409
674,406
660,404
644,401
627,400
609,399
591,399
572,399
554,399
536,399
516,401
497,404
479,407
463,410
448,413
434,417
423,419
413,423
405,427
398,433
393,438
389,444
387,451
387,456
389,464
396,472
406,479
425,487
454,495
490,503
532,509
579,514
624,518
668,521
709,524
748,528
789,534
823,533
854,536
886,541
912,542
939,545
962,549
985,552
1003,555
1021,557
1036,560
1049,563
1060,565
1069,567
1075,570
1080,572
1083,574
1083,577
1082,581
1079,584
1074,586
1067,588
1057,591
1045,593
1032,596
1016,597
998,600
977,602
956,604
931,606
905,609
877,612
847,615
828,621
818,630
810,637
800,641
787,645
773,647
757,649
739,650
719,649
698,645
677,641
654,635
631,628
606,622
582,614
559,606
539,599
523,592
510,583
498,575
490,567
484,559
480,552
479,544
480,537
486,530
496,523
514,516
538,510
567,505
602,500
639,496
678,493
713,490
748,488
781,486
811,483
839,482
864,479
887,476
909,474
927,471
944,469
959,466
972,463
983,460
991,458
997,456
1001,453
1003,451
1004,448
1002,445
998,442
993,440
985,436
975,435
963,431
949,429
932,426
914,422
894,419
871,417
847,413
820,410
791,405
760,402
727,400
700,396
683,388
671,382
659,377
645,371
631,369
615,368
599,369
581,368
563,368
545,367
526,369
507,371
490,374
473,377
457,381
442,385
429,389
416,394
405,400
396,405
388,411
382,418
379,424
376,431
377,438
380,444
390,452
406,459
431,468
463,477
502,485
543,493
584,499
624,506
663,511
698,518
732,524
766,530
795,535
823,541
848,547
871,552
892,559
910,564
927,570
941,575
955,582
964,587
972,593
978,598
982,603
983,608
983,613
981,618
977,623
970,629
961,634
950,640
937,645
921,651
904,656
884,661
861,667
837,673
811,677
781,681
756,691
741,701
727,709
714,714
700,717
686,718
672,717
656,715
640,711
623,706
607,699
589,692
572,683
555,675
537,668
520,659
505,651
492,643
480,634
470,624
463,614
456,606
452,596
450,587
449,578
450,569
453,560
458,551
466,543
479,535
499,528
525,521
558,515
595,511
635,507
673,504
708,502
742,498
775,496
803,492
832,489
856,486
878,484
899,482
917,478
933,476
947,473
960,469
970,467
978,463
984,460
988,458
989,454
989,451
987,448
984,444
977,441
969,437
959,435
946,432
932,428
914,424
897,420
875,417
852,412
827,408
799,405
770,401
738,398
704,394
678,392
662,386
649,377
632,370
615,366
597,363
579,361
561,359
544,359
525,358
508,359
490,361
474,363
458,366
444,369
431,374
419,380
409,385
399,391
391,397
384,403
377,409
373,416
369,424
367,430
366,438
367,444
370,452
378,458
392,465
414,472
445,480
483,486
525,492
570,497
612,502
654,507
692,512
731,517
766,522
799,526
830,531
858,536
885,540
908,544
930,549
951,555
968,560
984,563
997,568
1008,572
1018,577
1024,581
1030,584
1032,589
1034,594
1033,598
1030,602
1023,607
1016,611
1006,614
995,618
981,623
965,626
946,631
924,636
902,640
877,644
849,647
821,652
801,661
790,670
779,678
767,682
753,684
739,686
722,687
703,686
684,683
663,678
641,673
619,666
597,659
576,650
555,640
537,629
520,620
505,611
493,603
483,593
474,584
467,575
461,566
457,557
458,549
462,542
472,536
487,529
510,523
539,517
573,512
613,507
654,502
693,498
730,496
766,493
799,490
831,488
859,485
885,482
909,480
931,477
952,473
969,469
986,466
999,463
1010,460
1020,457
1028,454
1033,451
1036,447
1038,444
1037,440
1035,437
1030,434
1023,430
1014,426
1003,422
990,418
975,415
958,411
937,407
915,404
892,400
864,396
837,392
806,388
774,384
739,380
706,376
688,368
673,362
655,358
637,355
619,354
600,354
580,354
560,355
539,357
518,359
498,363
478,366
460,371
441,376
425,380
411,385
399,390
389,395
382,402
376,408
372,414
369,421
368,427
370,433
377,439
387,446
404,452
428,460
461,466
500,473
543,478
588,484
631,491
672,497
712,503
748,510
785,517
818,522
848,527
876,533
903,538
926,543
948,550
969,556
986,561
1002,567
1015,572
1027,578
1036,583
1042,588
1047,593
1049,597
1050,603
1049,608
1046,614
1040,618
1033,624
1022,630
1011,634
996,640
980,645
961,650
940,655
917,660
892,665
865,671
835,676
811,685
797,697
784,708
771,712
757,713
740,710
722,708
703,703
684,699
661,692
639,683
616,673
595,663
574,652
553,641
536,627
519,614
505,603
494,591
486,581
479,571
475,561
472,552
472,544
473,536
478,529
487,523
502,517
525,511
552,506
585,500
624,496
663,492
702,489
738,486
774,483
804,481
834,477
860,474
886,472
908,468
929,466
947,463
964,459
978,456
990,453
999,451
1007,447
1013,443
1016,441
1018,437
1018,435
1016,431
1012,428
1005,424
997,421
987,417
974,414
960,411
942,407
924,403
904,400
880,396
855,392
828,389
798,384
767,380
736,375
718,370
705,364
693,359
679,355
662,353
645,352
626,354
606,356
585,358
563,359
541,362
519,367
498,370
479,375
461,380
445,386
429,393
417,400
406,406
398,412
391,419
386,426
383,433
382,440
384,446
389,453
399,459
416,466
441,472
473,479
511,485
554,491
597,497
640,502
680,508
718,514
754,519
789,525
821,530
850,535
876,539
901,545
924,551
944,556
962,563
979,568
993,573
1004,578
1014,583
1022,588
1029,593
1032,597
1033,603
1033,607
1031,612
1025,618
1019,622
1010,627
1000,631
986,636
971,641
954,646
933,651
912,655
888,660
862,664
834,669
804,675
785,683
773,691
763,696
751,700
737,701
722,701
705,699
687,695
669,691
649,685
629,677
609,670
588,661
569,651
548,644
529,633
513,624
499,614
487,604
477,594
470,585
465,576
461,567
459,559
460,551
465,544
474,537
489,532
510,526
539,522
572,516
611,511
652,508
691,505
729,504
765,502
798,500
830,498
858,496
885,493
909,493
931,491
952,490
970,487
985,485
1000,483
1011,481
1021,480
1028,478
1033,476
1036,475
1037,472
1037,470
1034,468
1030,466
1022,464
1013,462
1001,460
988,457
973,455
955,454
935,450
913,447
890,445
862,443
835,439
804,438
771,433
736,431
705,427
688,417
675,411
661,404
646,401
629,398
612,398
593,398
573,397
553,397
533,397
512,397
493,398
474,399
458,400
441,403
427,405
415,409
404,412
394,416
386,420
380,425
376,430
373,435
372,441
374,446
379,452
389,458
403,465
423,471
451,478
485,484
527,491
571,495
617,501
660,508
701,512
740,518
777,524
813,528
845,533
875,539
903,543
928,547
953,554
973,559
993,564
1009,569
1025,574
1037,579
1048,583
1056,588
1062,593
1066,596
1068,602
1068,606
1066,610
1062,615
1056,620
1048,624
1038,629
1027,633
1012,638
995,643
977,647
956,651
932,656
907,660
880,664
851,669
825,676
808,689
796,696
783,702
766,705
749,706
729,704
706,701
684,698
660,693
635,686
610,677
587,667
565,658
543,646
524,634
508,623
494,613
482,602
473,591
467,581
462,571
460,562
461,552
465,543
474,535
489,527
509,520
537,513
570,507
609,503
649,497
688,494
724,492
760,489
793,487
824,485
853,483
878,481
902,478
923,476
943,474
961,470
975,468
989,466
1000,464
1008,461
1015,459
1020,456
1022,453
1023,451
1022,449
1019,446
1013,443
1005,440
996,437
985,435
971,432
956,428
938,426
918,422
897,419
872,416
846,414
818,407
786,404
757,403
733,398
723,394
712,388
699,388
684,384
668,380
650,378
631,375
610,373
588,372
565,371
541,372
517,376
493,379
471,381
450,384
431,388
415,393
401,397
390,402
382,408
375,413
370,419
367,426
365,432
367,439
371,445
380,453
395,460
418,467
449,475
488,481
530,487
574,490
617,495
659,500
698,505
736,510
772,515
804,519
835,523
861,528
889,532
912,537
933,541
953,546
970,550
986,555
999,559
1010,563
1019,568
1026,571
1031,576
1033,580
1034,583
1032,587
1029,591
1023,595
1015,599
1005,603
994,607
979,611
963,614
945,618
925,623
902,626
876,630
852,635
836,643
826,651
816,659
802,666
785,672
768,675
749,676
727,676
703,673
678,668
651,662
623,656
596,648
570,638
545,628
522,618
503,607
489,596
477,584
469,572
465,559
465,549
471,539
481,530
498,522
522,515
552,507
590,501
631,496
675,492
718,487
760,485
799,483
837,481
871,478
903,475
932,473
960,470
986,466
1009,463
1032,461
1049,458
1066,455
1081,452
1093,450
1104,447
1112,443
1118,440
1122,438
1124,435
1124,433
1123,429
1119,426
1113,423
1106,420
1095,417
1083,414
1069,411
1053,408
1035,405
1014,402
991,398
967,395
941,391
912,387
883,382
848,378
813,377
782,374
767,368
755,363
744,360
732,357
721,355
708,362
696,362
684,362
673,361
660,360
649,360
639,359
628,359
618,359
609,358
601,357
594,357
588,357
582,357
577,357
573,357
569,358
565,358
561,358
557,358
551,358
546,359
538,359
528,360
518,363
506,365
495,368
486,371
476,373
466,377
457,380
448,384
440,390
432,396
424,402
417,408
411,413
403,418
397,424
392,428
388,432
384,436
382,440
381,443
379,447
378,450
378,454
377,456
377,459
377,460
378,461
381,462
386,462
397,463
415,466
444,471
484,476
531,481
585,486
643,492
702,495
760,498
816,501
865,504
916,508
964,510
1011,512
1054,518
1096,520
1133,523
1169,526
1202,528
1234,531
1262,535
1289,537
1313,540
1335,542
1356,547
1373,549
1389,551
1403,552
1414,555
1423,557
1431,560
1436,561
1440,563
1441,564
1441,567
1438,570
1433,571
1427,572
1418,575
1407,577
1395,579
1382,581
1365,584
1347,585
1325,585
1303,589
1277,591
1250,593
1221,594
1191,596
1157,598
1121,600
1083,600
1043,604
1000,605
957,607
910,610
860,612
824,620
805,628
792,639
776,638
760,644
744,648
727,653
710,655
695,657
679,657
665,658
650,659
637,659
624,659
613,658
602,657
593,655
584,652
575,648
567,642
560,637
554,631
546,625
538,618
531,610
524,604
518,597
512,591
506,584
500,577
495,571
490,564
485,556
480,548
475,540
472,531
468,524
468,516
469,509
473,502
481,495
492,489
510,483
533,477
561,471
593,466
629,464
665,461
699,458
731,457
762,454
791,453
816,450
840,448
861,444
881,443
898,441
912,439
924,437
934,434
943,432
949,430
954,428
956,426
957,423
955,421
952,419
946,416
938,413
929,411
917,408
904,406
889,403
870,401
851,398
829,395
806,392
781,389
759,385
752,384
748,386
739,381
730,382
721,378
710,373
697,368
684,364
669,360
653,357
635,354
616,351
597,349
577,347
556,347
536,351
516,355
501,360
484,365
469,370
456,376
445,383
435,390
428,397
422,404
418,410
415,418
416,425
421,431
430,437
445,443
468,450
498,455
535,461
574,465
616,470
655,475
692,480
727,485
760,490
792,496
821,500
846,504
870,510
893,515
912,519
929,522
945,526
958,531
970,536
978,540
986,545
991,548
994,553
995,556
994,561
991,564
985,569
978,572
970,577
959,581
945,585
930,588
911,592
892,596
870,600
846,603
826,609
812,617
801,625
794,632
784,637
771,641
756,645
740,647
722,647
701,645
681,641
658,635
634,629
608,623
584,615
560,609
540,601
522,594
506,586
493,577
484,568
477,559
475,549
477,540
486,532
501,523
523,516
552,508
587,503
625,499
665,495
701,493
736,492
771,489
801,488
829,485
856,483
880,481
902,479
922,478
939,476
955,475
968,471
979,469
989,467
995,465
1001,463
1003,461
1004,459
1004,457
1001,455
996,452
989,449
980,447
969,444
957,441
941,439
923,438
904,434
883,432
859,428
833,425
806,422
776,419
744,416
720,414
703,406
691,401
677,396
660,392
642,390
624,389
604,389
584,389
562,389
540,390
517,392
494,394
474,397
453,400
435,404
420,409
408,413
397,419
389,424
383,430
378,437
377,443
378,450
382,458
394,465
413,473
439,482
474,489
513,496
553,502
593,507
631,512
668,517
702,523
734,528
765,533
793,538
818,543
843,548
864,552
883,559
900,564
916,569
928,574
939,579
948,584
955,589
959,594
961,598
962,602
960,607
956,611
950,615
942,620
931,624
919,628
904,633
887,638
868,642
847,646
823,650
797,655
769,659
749,666
734,676
720,685
706,691
691,694
675,695
659,694
642,693
623,691
604,688
585,684
566,680
546,675
527,668
509,660
492,652
476,643
463,634
453,625
446,615
441,606
439,597
438,588
441,580
446,572
456,565
472,558
494,552
523,546
558,539
598,534
639,529
680,524
718,522
753,519
787,515
820,512
848,508
875,506
901,502
922,498
943,496
962,491
978,488
993,485
1004,481
1014,478
1022,475
1028,472
1032,468
1033,466
1032,461
1031,459
1025,455
1019,451
1010,447
1000,443
987,440
973,436
957,432
937,428
915,424
893,420
867,416
839,412
810,407
777,404
744,400
714,398
695,396
682,385
668,383
651,379
633,378
613,378
593,380
571,381
549,381
525,384
503,387
481,389
460,393
440,396
424,400
410,405
398,411
389,417
381,423
376,430
373,437
371,443
373,450
377,457
384,464
398,473
419,481
446,488
481,497
521,504
563,510
605,515
644,521
681,526
716,531
749,537
781,541
809,547
836,552
859,556
881,562
901,567
919,572
933,577
947,582
958,588
967,593
974,596
978,602
981,607
982,611
981,615
977,620
972,626
964,630
956,634
943,640
929,644
914,649
896,653
875,659
853,664
828,668
804,672
786,679
775,684
765,689
752,693
736,695
718,696
698,696
676,694
653,692
628,690
602,684
575,677
550,670
524,662
499,652
477,642
459,632
444,621
431,610
423,599
420,588
421,578
427,569
439,560
458,552
483,544
514,536
550,530
589,525
630,521
670,519
705,517
741,515
774,513
805,511
833,509
859,507
883,507
906,504
924,502
942,501
958,498
971,496
982,494
990,492
997,490
1002,488
1004,486
1005,483
1004,481
1001,478
996,476
988,473
978,471
966,468
952,467
935,464
918,460
898,458
875,455
850,452
822,448
792,445
761,442
726,440
693,438
672,429
656,423
640,417
621,412
601,408
581,406
560,403
538,402
515,400
492,400
470,399
448,400
428,401
409,403
394,405
380,408
369,412
361,416
355,422
352,427
349,433
349,439
350,444
353,451
360,457
371,464
387,471
409,479
440,487
478,495
519,499
564,503
608,508
650,512
690,516
728,522
764,527
797,529
829,533
856,538
883,541
908,545
929,547
948,553
966,557
982,561
996,565
1007,569
1016,572
1023,576
1030,580
1032,583
1032,586
1032,590
1029,593
1023,596
1015,600
1006,603
994,606
980,609
965,613
947,616
927,620
904,623
881,626
854,630
829,633
813,637
805,641
795,647
783,651
769,654
753,656
735,657
714,658
691,657
666,654
640,651
613,647
587,643
561,637
539,629
518,622
501,613
488,605
477,596
469,587
463,578
460,568
460,559
464,550
473,541
488,532
509,523
538,515
573,507
612,502
652,497
690,494
725,490
761,487
793,483
823,480
850,477
876,474
899,469
920,466
939,463
956,458
970,454
983,451
993,448
1001,444
1007,441
1011,438
1013,434
1013,431
1012,428
1008,423
1002,420
994,415
984,412
972,407
959,403
942,399
922,395
902,390
879,386
854,382
827,377
798,373
766,369
732,364
703,356
688,353
680,346
668,340
656,338
641,339
625,342
609,344
590,346
571,347
550,351
528,353
506,357
485,361
465,365
448,371
432,378
419,386
407,394
398,403
390,412
384,421
380,430
378,439
378,448
382,457
391,465
406,474
429,482
460,492
498,499
540,505
581,511
624,516
664,521
702,525
738,530
773,534
803,537
834,542
859,546
885,550
907,554
927,559
945,563
962,567
975,571
987,575
997,580
1004,583
1010,587
1013,591
1014,595
1014,598
1011,601
1006,606
999,609
990,613
979,616
965,620
950,624
932,627
912,632
890,634
866,638
840,641
813,645
790,649
776,657
764,661
749,666
732,669
712,670
693,669
670,667
647,664
623,660
599,655
575,648
553,640
533,631
514,622
498,612
486,603
475,593
466,583
