#x_position,y_position
1026,347
1026,347
1013,341
998,333
981,327
962,321
941,315
917,308
892,300
864,293
834,287
802,279
767,272
732,263
703,255
680,247
659,241
640,238
623,236
609,239
594,241
580,245
566,251
556,256
545,263
537,269
527,277
519,285
512,293
505,301
497,308
490,315
481,321
472,328
463,335
454,341
444,346
435,351
426,355
419,360
413,365
410,370
409,375
411,381
417,388
426,396
442,404
464,413
492,424
527,435
566,445
609,453
654,460
696,465
736,469
775,471
810,475
843,478
874,482
903,485
929,488
953,491
975,494
996,497
1013,501
1029,503
1042,506
1053,510
1062,513
1069,515
1073,518
1075,521
1076,523
1074,525
1071,529
1064,531
1057,533
1046,536
1034,539
1020,542
1003,545
984,547
963,550
940,552
915,554
888,556
858,559
827,564
791,566
755,567
731,571
712,576
695,581
679,587
664,591
651,595
639,599
627,603
615,607
603,612
590,617
578,622
566,627
553,631
539,634
526,638
513,643
499,646
486,648
472,648
458,648
445,648
433,648
423,647
415,645
408,641
402,637
397,632
394,625
392,618
392,611
393,603
397,595
404,588
415,580
431,571
451,561
479,552
512,544
552,535
597,529
642,525
687,519
728,516
768,511
807,506
843,501
876,498
907,494
938,490
964,487
989,482
1012,477
1032,473
1050,468
1067,464
1081,459
1094,455
1104,451
1112,446
1118,442
1121,437
1123,434
1122,429
1120,424
1115,420
1110,415
1099,411
1089,406
1075,401
1059,396
1042,392
1023,387
999,381
974,376
948,371
918,364
888,360
852,355
815,349
779,344
749,336
728,331
710,327
692,326
675,326
657,328
641,329
624,331
608,334
591,337
575,341
560,344
545,348
531,352
517,356
504,360
491,364
478,367
466,370
454,373
443,375
432,376
422,376
413,377
405,377
397,377
390,379
386,380
383,382
381,385
381,388
383,392
388,396
396,400
406,405
422,412
444,420
471,430
505,440
545,450
588,458
633,463
678,468
720,473
760,477
799,482
837,485
869,490
901,494
928,498
955,502
981,505
1003,509
1024,514
1041,517
1057,521
1070,525
1081,528
1090,532
1097,535
1102,539
1104,543
1105,547
1104,549
1100,553
1096,555
1087,559
1077,562
1065,565
1051,569
1035,572
1017,576
996,579
974,582
950,585
922,587
893,590
862,596
827,598
795,601
774,606
755,613
737,621
721,627
704,632
686,634
669,635
652,637
637,641
621,643
607,645
592,648
577,651
561,652
545,654
530,655
517,657
502,658
488,657
474,657
462,655
451,653
441,651
431,648
423,645
415,641
409,637
404,632
399,626
397,620
395,614
397,608
400,601
406,593
416,584
431,575
453,565
479,552
511,542
549,532
592,525
635,519
677,514
719,509
757,505
794,500
830,492
864,487
892,484
920,480
945,474
969,469
991,463
1010,459
1028,453
1042,448
1054,443
1064,438
1072,433
1079,428
1083,422
1085,417
1085,411
1083,406
1079,401
1073,396
1064,389
1054,385
1041,378
1027,372
1009,366
989,360
968,354
945,349
919,342
890,336
859,330
827,324
791,318
755,311
725,304
700,299
679,295
659,293
640,292
622,291
605,292
588,295
573,300
558,304
545,309
531,314
519,320
507,324
496,330
485,335
475,339
464,344
455,347
447,351
439,354
430,357
423,360
415,362
408,365
401,368
396,372
391,375
387,378
385,381
384,385
385,389
390,394
397,398
408,404
422,411
442,418
468,427
499,436
536,445
579,454
625,460
670,465
713,469
753,472
792,476
829,480
865,483
896,486
925,490
952,493
977,496
1002,500
1023,503
1040,507
1056,510
1070,514
1082,516
1092,520
1100,523
1104,525
1107,529
1109,532
1108,534
1105,538
1100,540
1093,543
1083,545
1071,548
1058,551
1042,554
1025,557
1004,559
981,562
956,565
928,567
900,570
868,573
834,575
798,576
766,579
749,580
735,582
721,584
708,586
694,589
679,593
664,597
652,600
641,603
630,605
619,606
608,608
597,610
586,610
574,610
564,611
553,612
543,615
533,617
521,620
510,622
499,624
487,624
474,625
462,626
450,626
440,627
432,627
428,626
427,624
430,621
436,618
446,613
463,609
485,604
513,597
546,587
586,580
629,573
670,566
710,559
750,552
787,544
822,539
855,536
884,530
911,525
938,520
961,515
984,509
1004,502
1022,497
1037,492
1050,486
1061,481
1070,474
1076,470
1081,463
1084,458
1085,452
1083,446
1080,441
1074,434
1066,429
1056,422
1044,417
1030,412
1012,405
992,399
971,393
947,386
920,379
893,373
860,366
828,360
791,352
755,345
731,333
712,324
696,319
680,316
665,316
651,317
638,318
626,320
614,322
601,324
588,327
576,330
563,334
550,337
538,342
525,346
514,351
502,356
492,360
482,363
473,366
464,368
457,371
449,373
443,374
437,376
432,376
427,377
422,378
416,380
412,381
408,383
406,385
404,388
405,392
407,396
413,402
422,408
436,415
456,425
483,435
516,445
556,455
598,463
641,470
684,476
724,480
763,484
800,490
835,493
867,496
896,499
923,502
948,506
972,508
992,512
1011,515
1027,518
1041,522
1054,525
1063,528
1071,530
1076,533
1079,537
1080,539
1079,543
1076,545
1071,547
1063,550
1054,553
1041,556
1028,558
1011,561
993,564
972,565
950,568
924,569
897,572
867,575
834,578
800,579
765,583
742,586
723,592
705,597
687,601
669,603
653,606
636,610
620,613
605,618
590,623
577,627
563,630
550,632
536,634
524,636
510,638
499,639
484,639
471,638
458,638
446,637
436,636
426,632
418,630
410,627
404,624
399,622
395,619
392,617
390,613
390,610
390,607
393,603
396,599
403,595
414,590
428,585
447,578
471,572
501,565
537,558
578,549
624,542
669,536
713,531
754,526
795,521
833,516
869,511
901,507
933,501
961,496
988,492
1012,486
1036,480
1055,476
1073,470
1089,466
1103,460
1114,456
1124,450
1132,445
1136,441
1140,435
1141,429
1140,425
1137,419
1132,414
1125,406
1116,402
1104,396
1090,390
1073,383
1055,378
1035,372
1012,366
986,359
960,353
929,347
898,340
861,333
825,327
785,320
747,313
714,306
691,300
671,297
653,296
637,298
620,300
606,301
592,304
580,308
569,313
560,318
551,323
543,328
535,334
528,339
521,345
513,350
504,356
495,362
487,367
476,373
467,379
457,384
447,388
439,393
430,398
422,402
415,406
410,409
407,411
406,414
409,417
415,420
425,424
441,429
462,437
489,446
523,454
563,463
609,472
656,478
702,482
745,487
787,493
828,497
865,502
898,505
933,510
962,514
991,517
1019,523
1041,528
1064,532
1083,536
1100,540
1114,544
1127,548
1137,552
1146,557
1151,561
1156,565
1157,570
1157,573
1155,577
1150,581
1143,586
1134,589
1123,592
1110,597
1095,601
1075,605
1055,609
1033,612
1008,618
980,621
951,624
917,628
883,633
846,635
809,640
783,646
762,653
742,657
723,661
705,662
688,664
670,665
651,667
633,668
614,670
596,672
579,673
562,674
547,674
531,675
517,674
502,673
487,672
472,670
457,667
444,663
432,659
420,653
409,648
398,643
389,638
382,633
376,629
370,624
367,619
365,614
365,609
366,604
369,598
374,591
384,584
398,577
417,571
441,563
470,555
505,546
545,539
589,533
634,528
680,524
724,519
766,515
808,511
845,506
879,502
912,499
944,493
973,490
999,486
1025,481
1046,478
1066,474
1083,470
1099,466
1112,463
1124,460
1133,456
1139,453
1144,450
1147,446
1147,443
1146,439
1142,436
1137,432
1129,428
1119,424
1107,419
1093,415
1077,411
1057,407
1037,403
1013,398
988,393
960,388
930,382
898,376
862,371
826,365
790,360
763,351
742,347
724,344
706,340
689,338
673,337
658,337
644,338
630,339
615,342
601,345
587,348
574,349
562,352
551,355
540,358
531,361
521,363
512,365
503,368
493,371
483,374
474,376
464,379
455,381
445,383
435,385
426,388
417,389
410,391
403,393
398,396
394,399
392,402
392,406
395,410
401,415
411,422
425,429
444,437
469,445
500,455
537,465
579,474
622,482
667,488
710,491
749,494
790,498
825,501
859,504
890,507
917,509
945,514
970,516
993,519
1014,523
1032,527
1048,529
1061,533
1072,535
1081,539
1089,542
1093,544
1097,547
1097,550
1096,552
1092,555
1086,558
1078,560
1067,563
1055,567
1039,568
1023,571
1003,574
981,576
957,579
931,581
902,583
872,586
837,589
802,592
766,595
743,600
724,605
707,611
691,616
675,622
658,628
641,634
624,641
607,647
592,652
577,657
563,661
549,665
536,669
523,671
511,672
499,672
487,672
475,670
463,668
451,666
439,663
428,661
418,657
409,654
402,650
397,645
392,640
388,636
385,631
383,626
382,621
382,616
384,611
387,606
393,601
404,595
418,588
438,580
464,573
494,565
531,556
573,548
618,542
664,535
709,531
751,526
793,521
831,515
868,510
902,505
934,501
962,497
991,492
1017,487
1039,482
1060,477
1078,472
1096,467
1110,462
1122,457
1132,452
1140,447
1146,443
1149,438
1151,433
1151,427
1148,421
1143,417
1137,411
1128,405
1117,400
1104,394
1088,388
1070,382
1050,376
1029,371
1003,365
977,358
947,352
916,347
881,340
844,333
807,328
771,322
748,317
729,312
712,309
695,308
678,308
660,310
644,312
628,315
614,317
600,320
588,323
576,326
567,330
557,334
549,339
542,342
536,345
529,347
523,352
516,356
510,360
503,363
496,367
488,371
479,374
471,377
463,380
455,382
446,385
440,388
435,390
431,394
430,397
432,401
436,405
443,410
455,416
472,423
496,430
528,438
566,447
609,455
655,462
701,469
744,475
785,478
824,483
862,487
895,492
925,497
956,501
984,506
1010,510
1034,516
1055,521
1074,525
1091,530
1104,534
1116,539
1126,543
1134,547
1139,552
1143,556
1144,562
1142,565
1140,568
1134,573
1127,576
1116,581
1106,585
1091,590
1073,593
1053,597
1033,603
1008,606
982,610
953,613
922,618
889,622
852,626
814,630
784,637
763,644
745,650
727,654
708,656
690,657
675,656
660,655
644,654
630,653
616,651
602,650
589,647
575,645
561,643
548,640
535,637
523,634
511,631
499,625
486,621
473,617
460,613
447,610
435,608
423,605
413,602
405,599
398,595
392,593
387,590
385,587
384,585
384,582
388,580
394,575
404,570
418,564
438,557
463,550
493,542
530,535
570,529
615,524
659,521
704,517
746,513
789,510
828,506
864,503
898,499
928,497
957,491
985,490
1009,485
1032,481
1053,478
1071,474
1086,471
1101,467
1113,465
1122,460
1130,458
1134,453
1138,451
1139,446
1138,444
1135,441
1131,436
1123,433
1114,429
1103,425
1089,422
1073,419
1055,415
1036,411
1013,407
988,403
963,399
934,395
903,391
869,387
833,383
795,378
763,376
734,370
712,366
689,365
668,365
648,366
628,366
611,367
594,367
580,367
566,367
555,366
545,367
536,368
527,368
519,369
511,369
505,368
498,369
492,369
486,370
480,371
473,372
467,373
461,375
455,378
448,380
443,384
437,387
431,390
426,394
420,398
415,402
412,407
411,413
413,422
420,432
433,444
452,458
477,474
508,489
545,504
587,517
632,529
678,539
723,547
765,555
805,563
844,570
880,578
913,586
945,593
973,600
1001,609
1025,617
1046,624
1065,631
1084,639
1100,646
1113,653
1124,661
1133,668
1139,675
1144,682
1147,690
1147,697
1145,703
1142,710
1136,717
1128,724
1117,730
1106,737
1092,743
1074,750
1055,757
1034,765
1010,771
984,778
955,785
925,792
893,799
865,806
845,821
834,825
824,815
813,814
800,813
788,812
775,809
761,807
749,804
735,800
721,795
705,790
690,785
673,778
655,771
637,763
618,754
600,744
580,733
560,721
540,712
521,700
502,689
483,678
467,667
452,657
438,645
426,636
417,626
409,617
404,609
400,602
399,594
400,586
403,578
410,570
420,561
435,551
455,541
481,530
513,517
553,508
597,498
643,492
690,485
733,480
774,474
815,469
852,463
888,457
920,452
952,447
980,441
1008,435
1032,428
1053,422
1073,417
1091,411
1107,405
1120,398
1132,393
1141,388
1149,380
1154,375
1157,369
1158,363
1158,358
1154,350
1149,345
1142,338
1133,331
1121,325
1107,318
1091,311
1073,305
1051,297
1029,290
1003,283
975,277
944,270
911,262
879,256
842,248
811,244
788,243
770,241
752,239
735,240
718,243
702,248
687,253
672,258
656,265
640,272
624,280
609,286
594,294
578,302
564,309
552,315
538,322
525,327
512,332
499,338
485,341
471,345
457,348
444,351
433,355
423,359
416,362
412,365
411,370
414,375
421,381
435,387
454,394
478,403
510,414
548,423
589,433
634,442
679,449
721,456
761,462
800,469
837,475
871,481
902,485
930,490
956,496
983,501
1005,507
1026,512
1044,517
1060,523
1073,529
1085,533
1095,539
1101,544
1106,548
1108,555
1109,559
1107,564
1104,569
1098,574
1089,579
1079,584
1066,589
1052,595
1035,600
1016,604
994,609
970,614
945,619
915,624
884,629
851,634
817,639
786,647
771,653
757,661
742,669
729,672
716,671
703,670
689,669
676,669
663,669
650,671
637,674
625,676
612,679
600,680
586,681
574,682
562,682
550,682
537,682
526,680
514,678
503,676
492,672
482,667
471,662
461,657
451,651
441,646
433,641
425,634
419,629
414,623
409,618
406,612
405,606
406,601
409,596
417,590
429,585
446,579
469,572
499,565
534,556
576,549
622,542
667,537
713,531
757,528
798,519
836,517
874,512
907,509
938,506
967,501
996,497
1023,492
1045,489
1066,483
1085,479
1101,475
1115,470
1128,466
1138,461
1146,458
1151,453
1155,449
1157,445
1157,440
1155,436
1150,431
1143,427
1134,421
1123,417
1111,411
1096,407
1078,401
1057,397
1036,392
1012,386
985,381
957,374
925,369
894,364
856,359
818,352
779,346
752,342
733,347
713,342
692,334
673,330
655,328
638,328
624,329
610,332
596,335
583,338
571,341
560,343
549,345
538,348
528,350
517,354
507,358
496,363
486,366
476,369
467,371
459,372
452,374
445,375
438,376
432,377
426,378
420,380
416,383
413,386
411,389
411,393
415,398
422,404
435,411
451,420
473,431
500,443
533,454
570,466
613,477
658,485
703,492
745,500
786,507
825,515
861,522
894,529
925,535
955,542
981,549
1006,556
1029,564
1050,571
1068,578
1083,583
1097,591
1109,598
1117,605
1125,612
1130,618
1133,625
1133,632
1132,637
1129,644
1123,651
1115,658
1105,665
1094,672
1078,679
1062,685
1042,692
1021,699
998,706
972,713
944,720
912,726
878,733
843,741
817,750
800,760
787,763
774,762
760,762
747,759
734,757
720,755
706,755
693,755
679,755
667,754
653,755
640,754
628,753
615,751
603,749
591,747
577,745
564,742
550,738
536,733
522,728
508,721
493,715
479,706
466,698
454,691
444,683
434,677
426,670
421,665
418,659
417,654
420,649
426,643
437,637
454,632
476,626
505,620
539,613
581,605
626,599
674,593
719,587
764,582
807,576
846,572
886,566
919,562
953,558
984,552
1013,547
1041,543
1065,539
1087,534
1107,529
1125,524
1140,520
1154,516
1167,511
1176,505
1183,501
1188,496
1191,492
1193,486
1192,481
1189,476
1184,470
1176,465
1167,460
1156,453
1142,448
1126,443
1107,437
1086,431
1063,425
1038,419
1010,414
979,406
946,400
909,394
873,388
831,382
791,375
758,368
733,361
710,354
691,350
673,346
657,346
642,346
629,347
616,348
604,350
592,352
580,354
570,357
559,359
550,363
539,368
530,372
520,376
511,380
501,383
492,385
481,387
471,388
459,389
448,391
436,394
427,395
417,398
409,402
403,406
397,410
395,416
394,422
396,428
401,437
407,447
418,457
432,468
452,481
479,494
512,507
552,519
595,529
642,535
688,537
731,538
772,538
813,539
850,540
885,541
916,542
946,543
974,545
999,545
1024,546
1045,547
1064,547
1081,548
1095,548
1107,549
1116,550
1124,550
1130,551
1133,551
1135,551
1135,551
1133,552
1129,551
1122,552
1114,552
1103,552
1091,552
1075,553
1059,553
1039,553
1018,553
995,551
970,552
942,552
912,552
881,552
847,551
810,552
777,553
752,555
736,561
722,567
709,570
698,571
686,574
674,577
661,580
648,584
635,588
621,593
606,597
590,602
575,605
560,610
546,615
532,618
517,619
503,620
488,621
475,621
462,620
451,619
441,618
432,616
424,613
418,610
413,605
409,599
407,593
406,586
408,579
412,572
418,566
429,559
444,552
466,545
494,537
530,529
571,521
617,514
665,509
712,504
757,501
800,498
841,493
881,489
917,488
951,486
982,484
1012,480
1040,475
1065,472
1088,469
1110,466
1128,462
1145,459
1159,455
1170,452
1180,448
1187,445
1193,442
1196,438
1198,434
1197,431
1195,427
1190,423
1183,419
1174,417
1163,413
1148,409
1133,404
1115,401
1095,397
1072,394
1047,388
1021,385
990,381
959,376
924,371
889,368
849,363
809,359
773,355
745,355
723,348
703,343
684,342
666,342
650,342
635,343
621,345
608,345
597,346
586,347
576,348
567,349
559,350
552,350
546,351
539,352
532,354
526,356
520,357
513,358
506,358
497,359
488,359
478,359
467,359
456,360
446,361
436,363
429,365
423,368
420,371
420,376
423,382
432,388
446,397
466,406
492,416
525,427
